ID	father	mother	sex	line	treat	d8weight	d21weight	d36weight	d78weight	age1stegg	eggNumber	batch
7090	8524	8527	M	A	Genistein	41.8	176	270	227			1
1358	8622	8568	M	A	IC	35	152	236	230			2
6736	8619	8552	F	A	5Aza		196	287	237	63	8	1
1579	8666	8530	M	A	Bisphenol	33	159	277	251			2
1586	8608	8589	M	A	Bisphenol	36	161	219	260			2
6545	8538	8604	M	A	IC	34	153	217	265			1
2118	8541	8667	F	A	Control	45	182	298	266	55	4	2
7095	8626	8644	M	A	Genistein	40.7	153	226	269			1
1356	8641	8620	M	A	IC	45	186	287	271			2
6746	8538	8604	M	A	5Aza	39	141	221	272			1
1759	8563	8657	M	A	Genistein	37	147	229	273			2
7343	8608	8589	M	A	Control	44.1	171	240	275			1
7284	8598	8633	F	A	Control	46	176	241	276	59	13	1
6910	8608	8589	M	A	Bisphenol	28	175	222	276			1
1820	8608	8589	M	A	Genistein	35	156	215	278			2
1519	8563	8657	M	A	Bisphenol	41	152	219	282			2
6911	8608	8589	M	A	Bisphenol	35.7	156	237	284			1
1532	8557	8623	M	A	Bisphenol	32	144	245	286			2
1585	8608	8589	F	A	Bisphenol	39	171	256	287	54	23	2
6898	8630	8631	M	A	Bisphenol	45	174	233	289			1
1960	8567	8582	M	A	5Aza	43	170	238	290			2
7310	8626	8644	M	A	Control	40	152	226	291			1
6517	8516	8649	F	A	IC	37.9	151	211	293	56	16	1
1788	8509	8533	M	A	Genistein	45	164	235	293			2
2094	8563	8657	M	A	Control	39	167	251	295			2
1324	8606	8537	M	A	IC	37	157	231	296			2
1580	8546	8525	M	A	Bisphenol	43	154	224	296			2
1978	8666	8530	F	A	5Aza	45	192	298	298	53	24	2
1821	8608	8589	M	A	Genistein	43	178	245	298			2
2158	8671	8659	M	A	Control	32	162	234	299			2
6895	8538	8604	M	A	Bisphenol	31.3	147	218	302			1
7324	8538	8604	M	A	Control	38	155	220	302			1
7315	8503	8571	M	A	Control	44	167	235	302			1
7094	8584	8506	M	A	Genistein	46	171	239	305			1
2159	8674	8515	M	A	Control	39	173	245	306			2
1565	8538	8604	M	A	Bisphenol	37	140	220	307			2
7273	8563	8657	M	A	Control	40	166	250	307			1
6740	8503	8571	M	A	5Aza	41	159	235	308			1
6886	8626	8644	M	A	Bisphenol	30	149	224	310			1
7069	8563	8657	M	A	Genistein	41.9	169	255	310			1
1314	8563	8657	M	A	IC	39	164	253	311			2
1335	8661	8547	M	A	IC	44	169	234	311			2
7283	8598	8633	M	A	Control	47	176.6	238	311			1
7116	8674	8515	M	A	Genistein	43	176	246	312			1
2168	8608	8589	M	A	Control	43	179	269	313			2
1810	8641	8620	M	A	Genistein	50	181	249	313			2
1557	8520	8653	M	A	Bisphenol	42	169	236	314			2
1800	8504	8647	M	A	Genistein	46	175	290	314			2
6751	8641	8620	M	A	5Aza	47.3	179	251	314			1
6515	8557	8623	F	A	IC	37.7	152	210	315	52	18	1
1967	8523	8565	M	A	5Aza	42	185	281	315			2
1581	8546	8525	M	A	Bisphenol	36	155	247	316			2
6900	8641	8620	M	A	Bisphenol	38	173	233	316			1
6745	8669	8511	M	A	5Aza	42	181	243	316			1
7333	8641	8620	M	A	Control	46.4	177	252	319			1
7291	8557	8623	M	A	Control	41.6	172	259	320			1
2121	8621	8617	M	A	Control	43	177	257	321			2
6733	8509	8533	M	A	5Aza	44	169	245	321			1
7320	8669	8511	M	A	Control	47	183	259	321			1
6855	8563	8657	M	A	Bisphenol	38.5	153	245	322			1
6865	8522	8650	M	A	Bisphenol	41.9	177	255	322			1
1554	8619	8552	M	A	Bisphenol	41	179	285	324			2
7316	8504	8647	M	A	Control	46	185	247	324			1
1792	8524	8527	M	A	Genistein	38	162	238	326			2
1793	8619	8552	M	A	Genistein	43	190	305	326			2
6538	8584	8506	M	A	IC	45	155	248	326			1
6512	8567	8582	M	A	IC	40.4	158	219	327			1
7311	8626	8644	M	A	Control	42.7	164	241	327			1
6516	8516	8649	M	A	IC	43	173	228	327			1
6539	8520	8653	M	A	IC	48.6	193	260	328			1
6741	8503	8571	M	A	5Aza	40	162	223	330			1
1357	8674	8515	M	A	IC	42	173	255	330			2
1976	8671	8659	M	A	5Aza	41	161	236	331			2
6556	8546	8525	M	A	IC	40	170	239	332			1
1966	8590	8510	M	A	5Aza	50	160	255	332			2
1347	8520	8653	M	A	IC	43	173	250	333			2
7096	8626	8644	F	A	Genistein	21.9	118	200	334	57	15	1
1528	8606	8537	F	A	Bisphenol	37	146	228	334	53	24	2
1782	8661	8547	M	A	Genistein	39	171	257	334			2
7335	8622	8568	M	A	Control	40	174	250	334			1
7092	8603	8569	M	A	Genistein	44	192	282	334			1
1766	8575	8558	F	A	Genistein	40	161	232	335	53	24	2
1334	8661	8547	M	A	IC	39	162	250	335			2
6747	8607	8505	M	A	5Aza	40.6	178	239	335			1
1331	8534	8663	M	A	IC	40	176	275	336			2
7115	8641	8620	M	A	Genistein	50	193	258	337			1
1981	8608	8589	F	A	5Aza	44	178	257	338	57	20	2
1816	8666	8530	M	A	Genistein	39	168	234	338			2
6550	8630	8631	F	A	IC	46	184	294	339	58	12	1
1522	8574	8632	M	A	Bisphenol	40	162	251	339			2
7339	8666	8530	M	A	Control	40	178	238	339			1
6889	8503	8571	M	A	Bisphenol	42	174	243	339			1
6859	8540	8592	M	A	Bisphenol	48	194	277	339			1
6552	8601	8645	M	A	IC	49.7	196	281	339			1
6866	8567	8582	M	A	Bisphenol	41	166	240	340			1
2157	8671	8659	M	A	Control	34	160	252	341			2
6727	8576	8554	M	A	5Aza	39	169	248	341			1
6742	8503	8571	M	A	5Aza	46	180	244	341			1
6737	8619	8552	M	A	5Aza	47	199	313	341			1
7082	8610	8528	M	A	Genistein	48	189	262	342			1
2169	8608	8589	F	A	Control	37	163	244	343	59	18	2
6728	8576	8554	M	A	5Aza	45	188	273	343			1
6559	8608	8589	F	A	IC	37	176	244	344	58	14	1
7112	8611	8609	F	A	Genistein	41	166	241	344			1
7293	8516	8649	M	A	Control	43	177	226	344			1
2100	8574	8632	M	A	Control	44	170	251	344			2
7088	8572	8658	M	A	Genistein	44	178	257	345			1
6730	8516	8649	M	A	5Aza	34	178	232	346			1
6892	8669	8511	M	A	Bisphenol	39	161.5	230	346			1
1562	8504	8647	M	A	Bisphenol	45	162	240	346			2
6510	8522	8650	M	A	IC	40	170	237	347			1
6878	8572	8658	M	A	Bisphenol	46	198	271	347			1
1553	8662	8599	F	A	Bisphenol	46	170	236	348	51	26	2
1364	8608	8589	M	A	IC	43	194	279	348			2
1974	8611	8609	F	A	5Aza	41	169	237	349	57	20	2
2141	8660	8566	M	A	Control	42	182	245	349			2
1780	8621	8617	M	A	Genistein	48	190	284	349			2
7295	8541	8667	M	A	Control	51.6	195	266	349			1
6734	8523	8565	M	A	5Aza	37.3	181	260	350			1
6528	8509	8533	M	A	IC	48.6	182	241	350			1
6509	8676	8628	F	A	IC	39	152	216	351	56	16	1
7076	8598	8633	M	A	Genistein	39.4	175	245	351			1
6502	8563	8657	M	A	IC	42	175		351			1
7091	8603	8569	M	A	Genistein	44	178	261	351			1
6506	8575	8558	F	A	IC	37	149	239	352	49	21	1
6739	8660	8566	M	A	5Aza	48.4	190	269	353			1
1365	8608	8589	F	A	IC	36	169	254	354	70	6	2
1958	8574	8632	M	A	5Aza	45	181	257	354			2
2136	8584	8506	M	A	Control	43	168	243	355			2
1574	8641	8620	M	A	Bisphenol	49	180	252	355			2
1351	8538	8604	F	A	IC	29	143	221	357	53	24	2
7097	8520	8653	M	A	Genistein	37	169	239	357			1
1338	8590	8510	M	A	IC	45	193	277	357			2
1799	8503	8571	M	A	Genistein	45	176	254	357			2
2156	8641	8620	M	A	Control	47	176	271	357			2
2106	8598	8633	M	A	Control	39	166	247	358			2
7319	8669	8511	M	A	Control	41.5	186	271	358			1
1529	8522	8650	M	A	Bisphenol	41	175	260	359			2
7109	8630	8631	M	A	Genistein	46.2	184	271	359			1
6553	8601	8645	M	A	IC	47	186	267	359			1
6513	8557	8623	F	A	IC	39	156	227	360	58	14	1
7330	8601	8645	M	A	Control	47	184	269	360			1
1560	8503	8571	M	A	Bisphenol	36	156	241	361			2
6893	8669	8511	M	A	Bisphenol	40	166	255	362			1
6862	8575	8558	F	A	Bisphenol	38	169	256	363	49	21	1
1582	8518	8544	M	A	Bisphenol	47	180	263	363			2
6726	8563	8657	F	A	5Aza	41.7	162	229	364	55	16	1
1809	8611	8609	F	A	Genistein	33	170	244	364	62	16	2
2170	8616	8519	M	A	Control	49	208	285	365			2
1781	8661	8547	M	A	Genistein		167	258	365			2
7287	8522	8650	F	A	Control	36.4	170	247	367	50	12	1
6527	8509	8533	M	A	IC	52	177	268	367			1
7085	8590	8510	M	A	Genistein	46.6	194	364	369			1
1548	8523	8565	M	A	Bisphenol	50	200	263	369			2
1801	8504	8647	F	A	Genistein	41	170	247	370	58	14	2
6505	8575	8558	M	A	IC	39	165	249	370			1
6551	8601	8645	M	A	IC	47	190	242	370			1
1959	8575	8558	F	A	5Aza	36	146	238	372	55	21	2
1556	8520	8653	M	A	Bisphenol	35	158	237	372			2
7103	8669	8511	M	A	Genistein	39.2	187	271	372			1
6905	8666	8530	M	A	Bisphenol	43.3	194	271	372			1
6882	8662	8599	M	A	Bisphenol	46.7		235	372			1
1354	8670	8579	M	A	IC	47	173	257	372			2
1777	8541	8667	M	A	Genistein	50	188	262	372			2
6856	8563	8657	F	A	Bisphenol	37.3	170	248	373	56	15	1
7309	8584	8506	F	A	Control	45	184	268	373	52	18	1
2097	8513	8648	M	A	Control	36	166	260	373			2
1778	8541	8667	M	A	Genistein	45	177	237	373			2
1333	8621	8617	M	A	IC	52	197	291	373			2
2119	8541	8667	M	A	Control	43	177	272	374			2
1807	8601	8645	M	A	Genistein	47	186	290	374			2
2153	8670	8579	M	A	Control	49	179	267	374			2
6541	8503	8571	M	A	IC	40.7	184	264	375			1
6735	8662	8599	M	A	5Aza	43	196	305	375			1
6897	8607	8505	M	A	Bisphenol	44.2	183	225	376			1
7075	8575	8558	M	A	Genistein	45	188	260	376			1
7111	8601	8645	M	A	Genistein	46	183	277	376			1
6729	8557	8623	F	A	5Aza	42.8	162	256	377	57	14	1
2132	8524	8527	F	A	Control	41	164	241	377	51	26	2
1573	8641	8620	M	A	Bisphenol	51	191	264	377			2
7078	8557	8623	M	A	Genistein	46	160	240	378			1
1956	8576	8554	M	A	5Aza	47	192	297	378			2
7280	8575	8558	F	A	Control	43	168	254	379	52	21	1
1526	8575	8558	F	A	Bisphenol	36	159	249	380	50	26	2
1819	8518	8544	F	A	Genistein	47	192	271	382	58	21	2
7302	8572	8658	M	A	Control	41	183	264	382			1
6549	8607	8505	M	A	IC	43	195	264	382			1
1550	8572	8658	F	A	Bisphenol	46	185	280	383	58	19	2
1815	8666	8530	F	A	Genistein	35	162	258	383	52	24	2
1352	8630	8631	M	A	IC	41	173	263	383			2
1567	8630	8631	F	A	Bisphenol	36	169	264	386	52	25	2
7288	8522	8650	M	A	Control	38	182	275	386			1
1349	8504	8647	F	A	IC	45	172	243	387	56	17	2
1973	8611	8609	F	A	5Aza	47	190	274	388	57	18	2
1323	8598	8633	F	A	IC	48	178	252	388	54	23	2
2127	8509	8533	M	A	Control	43	180	265	388			2
7100	8503	8571	M	A	Genistein	45.9	181	235	388			1
2096	8540	8592	M	A	Control	41	164	275	389			2
7070	8563	8657	F	A	Genistein	42	181	149	390	65	4	1
1760	8563	8657	F	A	Genistein	36	160	254	390	55	21	2
6861	8513	8648	M	A	Bisphenol	41.4	172	256	390			1
2099	8574	8632	F	A	Control	41	181	243	391	50	25	2
1969	8524	8527	M	A	5Aza	44	174	266	391			2
6525	8639	8526	F	A	IC	45.8	189	268	392	52	20	1
7101	8669	8511	F	A	Genistein	42	170	263	394	56	15	1
2098	8513	8648	M	A	Control	42	166	243	394			2
1576	8674	8515	F	A	Bisphenol	46	174	245	395	53	24	2
1814	8622	8568	F	A	Genistein	38	153	229	395			2
1970	8619	8552	M	A	5Aza	41	183	302	395			2
1543	8661	8547	F	A	Bisphenol	42	184	264	397	54	23	2
2151	8630	8631	F	A	Control	47	171	253	397	55	23	2
1805	8630	8631	F	A	Genistein	41	172	259	398	53	22	2
6547	8607	8505	M	A	IC	42.3	177	265	398			1
7329	8630	8631	M	A	Control	45.1	176	247	398			1
2093	8563	8657	F	A	Control	40	147	228	399	58	15	2
7274	8563	8657	F	A	Control	37	167	257	400	57	15	1
6863	8575	8558	F	A	Bisphenol	41.8		249	400	56	16	1
6537	8662	8599	M	A	IC	40.5	174	262	400			1
7107	8538	8604	F	A	Genistein	37	150	236	401	56	15	1
7340	8546	8525	F	A	Control	45.4	188	253	402	56	16	1
1964	8541	8667	F	A	5Aza	40	170	251	402	55	21	2
1561	8503	8571	F	A	Bisphenol	38	162	243	402	53	24	2
1564	8538	8604	F	A	Bisphenol	29	129	221	403	57	20	2
7117	8622	8568	F	A	Genistein	36	144	228	403	53	21	1
1541	8621	8617	F	A	Bisphenol	47	195	293	403	54	23	2
1811	8671	8659	F	A	Genistein	39	176	274	403			2
2105	8668	8652	M	A	Control	45	190	272	403			2
6501	8563	8657	F	A	IC	35.7	145	265	404	60	12	1
6899	8611	8609	F	A	Bisphenol	44	178	250	404	59	13	1
6909	8600	8548	M	A	Bisphenol	40	169	287	405			1
6890	8504	8647	F	A	Bisphenol	47	196	261	406	57	14	1
7336	8622	8568	F	A	Control		160	253	407	60	6	1
6522	8610	8528	F	A	IC	43.6	186	167	407	60	10	1
7120	8546	8525	F	A	Genistein	42.6	172	238	407	58	14	1
1563	8504	8647	F	A	Bisphenol	42	164	253	407	59	19	2
2126	8509	8533	F	A	Control	46	178	266	407	56	21	2
1817	8546	8525	F	A	Genistein	42	169	266	407	55	23	2
7077	8522	8650	F	A	Genistein	40	176	270	407			1
6753	8666	8530	M	A	5Aza	44	193	309	407			1
6748	8607	8505	F	A	5Aza	37.4	170	237	408	55	17	1
1968	8572	8658	F	A	5Aza		199	284	408	56	21	2
1329	8516	8649	F	A	IC	45	185	261	409	54	22	2
7071	8513	8648	M	A	Genistein	41	172	250	409			1
1803	8538	8604	F	A	Genistein	38	170	269	410	67	9	2
6867	8516	8649	F	A	Bisphenol	40.8	180	248	410	56	12	1
1779	8621	8617	M	A	Genistein	51	193	285	410			2
1813	8674	8515	F	A	Genistein	38	171	245	411	57	17	2
6750	8630	8631	F	A	5Aza	39.8	163	248	411	52	19	1
1961	8507	8594	M	A	5Aza	49	196	295	411			2
6868	8541	8667	M	A	Bisphenol	54	202	278	411			1
6732	8509	8533	F	A	5Aza	49	175	253	412	59	1	1
1546	8509	8533	F	A	Bisphenol	42	158	251	412	53	24	2
6531	8572	8658	F	A	IC	51	216	278	413	63	8	1
2103	8575	8558	F	A	Control	32	156	265	413	52	25	2
6523	8639	8526	M	A	IC	42	198	318	413			1
1761	8576	8554	F	A	Genistein	24	162	276	414	55	22	2
2152	8601	8645	F	A	Control	44	183	270	414	56	22	2
1818	8546	8525	M	A	Genistein	40	174	251	414			2
6738	8520	8653	F	A	5Aza	38	169	245	415	58	14	1
6896	8607	8505	F	A	Bisphenol	41	191	277	415	52	19	1
7300	8509	8533	F	A	Control	43	183	276	415	52	20	1
1975	8641	8620	F	A	5Aza	45	167	243	415	53	23	2
6891	8504	8647	M	A	Bisphenol	46	196	252	415			1
6557	8600	8548	F	A	IC	42.4	172	256	416	52	20	1
1345	8584	8506	F	A	IC	46	189	267	416	52	25	2
6873	8639	8526	M	A	Bisphenol	39	170	291	416			1
6554	8666	8530	M	A	IC	45	205	300	416			1
6743	8504	8647	F	A	5Aza	46	179	268	417	58	14	1
7080	8541	8667	M	A	Genistein	47.4	194	277	418			1
7106	8538	8604	F	A	Genistein	34	148	237	419	63	1	1
2129	8572	8658	F	A	Control	51	201	285	419	59	6	2
1361	8518	8544	M	A	IC	45	181	279	419			2
7087	8509	8533	F	A	Genistein	46.6	177	263	420	55	17	1
7105	8538	8604	F	A	Genistein	40	164	258	421	55	14	1
1786	8590	8510	F	A	Genistein	47	200	293	422	54	22	2
1355	8641	8620	F	A	IC	48	183	271	422	53	23	2
1775	8507	8594	F	A	Genistein	43	181	256	422	50	25	2
6529	8509	8533	F	A	IC	50.5	187	279	422			1
1527	8668	8652	F	A	Bisphenol	43	197	290	423	54	23	2
7337	8666	8530	F	A	Control	45.1	195	310	424	59	12	1
1569	8601	8645	F	A	Bisphenol	44	198	279	424	57	19	2
1362	8600	8548	F	A	IC	48	192	282	427	52	24	2
6874	8639	8526	F	A	Bisphenol	44	196	298	428	52	21	1
1535	8507	8594	M	A	Bisphenol	40	186	276	428			2
7098	8520	8653	F	A	Genistein	40.7	175	246	429	52	19	1
1764	8574	8632	F	A	Genistein	38	164	261	430	54	23	2
7083	8639	8526	F	A	Genistein	41.2	181	284	431	52	17	1
2155	8641	8620	F	A	Control	46	187	268	431	52	25	2
7313	8520	8653	F	A	Control	37.4	173	273	433	50	14	1
6864	8598	8633	F	A	Bisphenol	45	190	277	433	52	19	1
1337	8590	8510	F	A	IC	50	194	281	434	56	22	2
6749	8630	8631	F	A	5Aza	45.4	192	282	435	57	13	1
1316	8576	8554	F	A	IC	46	187	274	435	58	20	2
6877	8572	8658	F	A	Bisphenol	50	196	291	436	57	1	1
7298	8610	8528	F	A	Control	44	182	282	436	56	16	1
1341	8572	8658	F	A	IC	44	189	275	437	58	19	2
7331	8601	8645	F	A	Control	44.9	175	273	438	55	16	1
7123	8616	8519	F	A	Genistein	50	197	305	438	55	17	1
1789	8523	8565	F	A	Genistein	46	193	283	439			2
1346	8520	8653	F	A	IC	44	199	292	440	60	13	2
7314	8503	8571	F	A	Control	39	164	257	440	52	18	1
2164	8546	8525	F	A	Control	40	161	259	440			2
1318	8540	8592	F	A	IC	49		282	441	59	17	2
7327	8630	8631	F	A	Control	43	194	281	441	54	18	1
1330	8507	8594	M	A	IC	43	150	270	441			2
7342	8518	8544	F	A	Control	48.6	187	269	443	55	17	1
2162	8666	8530	F	A	Control	40	183	305	444	53	24	2
6872	8610	8528	F	A	Bisphenol	43.9	175	269	446	64	6	1
7086	8590	8510	F	A	Genistein	47	203	308	446	53	18	1
1332	8621	8617	F	A	IC	50	198	320	447	51	26	2
6887	8520	8653	F	A	Bisphenol	49.6	206	298	448	57	15	1
6555	8546	8525	F	A	IC	44.3	195	257	448	52	19	1
1971	8619	8552	F	A	5Aza	40	177	285	448	57	20	2
6744	8504	8647	F	A	5Aza	49.1	211	303	449	58	14	1
7277	8540	8592	F	A	Control	48	197	280	449	53	19	1
1343	8524	8527	F	A	IC	47	189	290	450	53	23	2
7122	8600	8548	M	A	Genistein	40.9	178	271	454			1
6526	8590	8510	F	A	IC	50	191	269	455	52	20	1
1360	8546	8525	F	A	IC	42	162	272	456	70	6	2
2143	8503	8571	F	A	Control	36	165	246	457	53	24	2
6857	8576	8554	F	A	Bisphenol	48.6	214	304	458	60	11	1
1769	8668	8652	F	A	Genistein	41	176	278	459	54	22	2
1570	8601	8645	F	A	Bisphenol	45	171	268	460	59	18	2
6913	8616	8519	F	A	Bisphenol	38	153	279	461	54	17	1
7332	8641	8620	F	A	Control	48.9	212	301	461	53	18	1
6540	8520	8653	F	A	IC	49.1	201	287	461			1
7325	8607	8505	F	A	Control	45	199	268	462	58	14	1
1558	8660	8566	F	A	Bisphenol	46	222	315	462	55	21	2
6876	8572	8658	F	A	Bisphenol	49.7	182	273	463			1
2144	8504	8647	F	A	Control	41	183	272	464	57	19	2
2161	8622	8568	F	A	Control	36	155	233	467	53	24	2
6879	8524	8527	F	A	Bisphenol	41.6	181	292	468	49	22	1
1797	8660	8566	F	A	Genistein	43	185	312	470	66	1	2
7306	8603	8569	F	A	Control	35	170	276	471	53	19	1
1776	8507	8594	M	A	Genistein	36	168	308	471			2
6543	8504	8647	F	A	IC	48.2	200	271	472	59	11	1
6906	8666	8530	M	A	Bisphenol	39	191	303	473			1
1962	8507	8594	F	A	5Aza	47	204	305	474	52	23	2
7119	8666	8530	F	A	Genistein	46	202	309	482	71	1	1
1536	8507	8594	F	A	Bisphenol	43	196	290	483	49	28	2
6731	8639	8526	F	A	5Aza	37	168	274	489	52	12	1
1317	8576	8554	F	A	IC	45	195	300	489	56	21	2
2122	8621	8617	F	A	Control	54	203	295	491	56	21	2
7294	8541	8667	F	A	Control	45.4	185	267	494	54	15	1
1339	8509	8533	F	A	IC	45	193	300	496	55	21	2
1963	8541	8667	F	A	5Aza	32	161	267	496	54	22	2
6881	8603	8569	F	A	Bisphenol	43.1		278	497	52	20	1
2125	8590	8510	F	A	Control	46	194	332	498			2
6534	8603	8569	F	A	IC	49.6	206	307	500	63	9	1
6535	8603	8569	F	A	IC	50.5	200.8	298	520	55	16	1
7089	8572	8658	F	A	Genistein	48	209	305	526	55	1	1
1344	8619	8552	F	A	IC	42	190	316	529	52	25	2
6858	8576	8554	F	A	Bisphenol	43	208	325	536	54	18	1
1583	8518	8544	F	A	Bisphenol	48	192	281		53	7	2
2165	8518	8544	F	A	Control	45	174	260		55	23	2
1544	8590	8510		A	Bisphenol	25						2
1319	8540	8592		A	IC	28						2
1321	8575	8558	M	A	IC	31	150	252				2
1772	8522	8650	F	A	Genistein	31	155	234				2
1534	8557	8623	M	A	Bisphenol	31	121	205				2
1783	8610	8528	M	A	Genistein	32	139	230				2
1770	8598	8633		A	Genistein	32						2
6520	8534	8663	M	A	IC	32.4	154	237				1
1979	8546	8525	F	A	5Aza	33	155					2
2116	8551	8651	F	A	Control	34	183	307				2
1537	8541	8667	F	A	Bisphenol	34	170	275				2
1525	8575	8558	F	A	Bisphenol	34	158	257				2
2124	8610	8528	M	A	Control	34	137	231				2
7102	8669	8511	M	A	Genistein	34	155	220				1
6504	8574	8632	M	A	IC	34	139	220				1
1350	8538	8604	M	A	IC	34	136	211				2
7110	8630	8631		A	Genistein	34						1
7285	8676	8628	F	A	Control	35	167	250				1
1551	8572	8658	M	A	Bisphenol	35	158	249				2
2110	8676	8628	F	A	Control	35	178	242				2
1555	8626	8644	M	A	Bisphenol	35	146	218				2
6546	8538	8604	M	A	IC	35	144	203				1
1758	8563	8657		A	Genistein	35						2
7292	8516	8649	M	A	Control	35.6	160	212				1
2149	8607	8505	F	A	Control	36	173	271				2
7282	8668	8652	F	A	Control	36	169	268				1
2133	8672	8656	M	A	Control	36	155	232				2
1790	8572	8658	M	A	Genistein	36	155	230				2
6880	8672	8656	M	A	Bisphenol	36	148	223				1
7079	8516	8649	F	A	Genistein	36.3	160	222				1
6518	8516	8649	M	A	IC	37		260				1
1773	8557	8623	F	A	Genistein	37	157	258				2
1328	8557	8623	M	A	IC	37	159	246				2
1320	8575	8558	M	A	IC	37	154	234				2
6521	8661	8547	M	A	IC	37.9	169	251				1
7304	8672	8656	M	A	Control	38	179	267				1
1524	8575	8558	M	A	Bisphenol	38	159	255				2
1336	8610	8528	M	A	IC	38	155	253				2
1812	8671	8659	F	A	Genistein	38	159	251				2
1523	8545	8559	M	A	Bisphenol	38	163	232				2
7279	8513	8648	M	A	Control	38	168	231				1
6901	8671	8659		A	Bisphenol	38						1
7303	8524	8527	F	A	Control	38.6	165	232				1
7308	8619	8552	M	A	Control	39	190	290				1
2102	8575	8558	F	A	Control	39	165	251				2
1533	8557	8623	M	A	Bisphenol	39	163	250				2
2139	8626	8644	M	A	Control	39	152	246				2
2109	8676	8628	F	A	Control	39	173	244				2
7323	8538	8604	M	A	Control	39	148	240				1
1980	8546	8525	M	A	5Aza	39	155	230				2
6524	8639	8526	M	A	IC	39.6	174	263				1
6903	8622	8568	M	A	Bisphenol	39.6	166	231				1
6511	8522	8650	F	A	IC	40	181	364				1
6533	8672	8656	M	A	IC	40	187	280				1
1359	8546	8525	F	A	IC	40	182	272				2
1768	8668	8652	F	A	Genistein	40	178	261				2
2163	8546	8525	F	A	Control	40	178	257				2
2114	8516	8649	M	A	Control	40	174	253				2
1804	8607	8505	M	A	Genistein	40	171	250				2
1325	8522	8650	M	A	IC	40	174	247				2
7334	8674	8515	F	A	Control	40	172	246				1
6894	8538	8604	M	A	Bisphenol	40		245				1
6888	8503	8571	M	A	Bisphenol	40	169	239				1
2145	8504	8647	F	A	Control	40	166	238				2
6558	8600	8548	F	A	IC	40		236				1
1957	8574	8632	M	A	5Aza	40	156	235				2
6536	8662	8599	M	A	IC	40	170	233				1
1774	8516	8649	M	A	Genistein	40	163	223				2
1531	8567	8582	M	A	Bisphenol	40	156	209				2
1518	8563	8657		A	Bisphenol	40						2
1791	8572	8658	M	A	Genistein	40	154					2
6503	8576	8554	M	A	IC	40	187					1
6532	8672	8656	M	A	IC	40.3	173	260				1
7118	8666	8530		A	Genistein	40.3						1
7290	8557	8623	M	A	Control	40.6	163	238				1
6871	8661	8547	M	A	Bisphenol	40.7	179	248				1
2111	8522	8650	M	A	Control	41	192	316				2
2166	8600	8548	F	A	Control	41	187	296				2
6875	8639	8526	M	A	Bisphenol	41	156	279				1
7312	8520	8653	F	A	Control	41	168	274				1
2120	8534	8663	F	A	Control	41	167	269				2
7305	8672	8656	M	A	Control	41	168	261				1
6514	8557	8623	F	A	IC	41	170	248				1
1765	8545	8559	M	A	Genistein	41	161	229				2
1572	8611	8609	M	A	Bisphenol	41	163	225				2
6912	8616	8519	F	A	Bisphenol	41.1	152	223				1
7084	8590	8510	M	A	Genistein	41.2	187	275				1
6519	8551	8651	M	A	IC	41.7	182	277				1
1587	8616	8519	M	A	Bisphenol	42	182	271				2
1538	8541	8667	M	A	Bisphenol	42	177	259				2
2134	8672	8656	M	A	Control	42	188	256				2
1822	8616	8519	M	A	Genistein	42	164	250				2
7114	8641	8620	M	A	Genistein	42	167	245				1
1568	8630	8631	M	A	Bisphenol	42	166	243				2
1327	8567	8582	M	A	IC	42	162	237				2
1571	8611	8609	M	A	Bisphenol	42	170	233				2
6904	8622	8568	M	A	Bisphenol	42	169	223				1
1326	8567	8582	M	A	IC	42	156	223				2
7286	8676	8628	F	A	Control	42.8	187	256				1
1540	8621	8617	M	A	Bisphenol	43	183	280				2
7108	8607	8505	M	A	Genistein	43	192	276				1
2104	8668	8652	F	A	Control	43	191	265				2
7072	8513	8648	M	A	Genistein	43	172	263				1
6530	8572	8658	F	A	IC	43	154	263				1
1521	8540	8592	M	A	Bisphenol	43	186	260				2
2108	8606	8537	F	A	Control	43	176	257				2
7121	8518	8544	M	A	Genistein	43	182	244				1
1530	8567	8582	M	A	Bisphenol	43	159	241				2
6507	8668	8652	M	A	IC	43	171	239				1
2150	8630	8631		A	Control	43						2
6544	8556	8634	M	A	IC	43.1	195	261				1
7275	8576	8554	F	A	Control	43.3		251				1
1566	8630	8631	M	A	Bisphenol	44	193	288				2
1348	8503	8571	M	A	IC	44	185	278				2
2101	8545	8559	M	A	Control	44	173	257				2
7093	8603	8569	F	A	Genistein	45	197	298				1
7307	8619	8552	M	A	Control	45	197	287				1
1787	8590	8510	M	A	Genistein	45	179	277				2
1552	8662	8599	M	A	Bisphenol	45	178	273				2
2148	8607	8505	M	A	Control	45	191	267				2
1767	8575	8558	F	A	Genistein	45	165	264				2
1539	8664	8654	M	A	Bisphenol	45	176	259				2
1763	8513	8648	M	A	Genistein	45	183	258				2
7318	8504	8647	M	A	Control	45	177	254				1
7073	8513	8648	M	A	Genistein	45	173	254				1
7113	8641	8620	M	A	Genistein	45	186	251				1
2135	8584	8506	M	A	Control	45	179	248				2
6869	8541	8667		A	Bisphenol	45						1
7099	8660	8566	M	A	Genistein	45.2	186	254				1
6870	8534	8663	M	A	Bisphenol	45.7	197	267				1
1785	8590	8510	M	A	Genistein	46	195	293				2
6885	8584	8506	F	A	Bisphenol	46	201	282				1
6884	8619	8552	M	A	Bisphenol	46	195	280				1
2130	8572	8658	M	A	Control	46	181	278				2
1808	8601	8645	M	A	Genistein	46	189	271				2
6860	8540	8592	F	A	Bisphenol	46	168	263				1
2107	8598	8633	M	A	Control	46	187	255				2
7081	8541	8667	M	A	Genistein	46	178	250				1
7326	8607	8505	F	A	Control	46.3	208	271				1
1363	8600	8548	M	A	IC	47	189	310				2
1795	8584	8506	F	A	Genistein	47	188	269				2
7322	8556	8634	F	A	Control	47	188	262				1
1340	8595	8625	M	A	IC	47	190	262				2
2123	8610	8528	M	A	Control	47	169	245				2
7321	8556	8634	M	A	Control	47.8	179	242				1
7338	8666	8530	F	A	Control	48	207	305				1
2117	8507	8594	M	A	Control	48	195	267				2
6908	8546	8525	M	A	Bisphenol	48	177	262				1
7317	8504	8647	M	A	Control	48.8	201	305				1
1762	8576	8554	F	A	Genistein	49	198	302				2
6883	8662	8599	F	A	Bisphenol	49		297				1
2167	8600	8548	M	A	Control	49	194	288				2
1520	8540	8592	M	A	Bisphenol	50	200	296				2
7328	8630	8631	M	A	Control	50	199	268				1
7296	8621	8617	F	A	Control	51	189	285				1
7276	8540	8592	F	A	Control	51	200	282				1
1549	8572	8658	M	A	Bisphenol	51	197	277				2
7341	8518	8544	F	A	Control	54	202	269				1
1584	8600	8548	M	A	Bisphenol		175	276				2
1457	6007	6100	M	DD	IC	21	85	125	144			2
7206	6107	5977	F	DD	Genistein	24.5	92	127	148			1
7013	5963	6002	M	DD	Bisphenol	25	98	138	148			1
6806	5980	6023	M	DD	5Aza	22	90	126	158			1
7433	6081	6058	M	DD	Control	25	90	115	159			1
1475	6050	6027	M	DD	IC	27	101	140	160			2
7227	6012	6039	F	DD	Genistein	21	88	125	161	63	8	1
7001	6008	6118	M	DD	Bisphenol	20	85	130	162			1
1699	6055	6063	M	DD	Bisphenol	21	88	133	162			2
2056	6007	6100	M	DD	5Aza	27	91	124	162			2
6807	6050	6027	M	DD	5Aza	32	102	140	162			1
6659	6111	6001	M	DD	IC	20.1	77	122	163			1
7224	5983	6124	F	DD	Genistein	26	96	143	165	70	2	1
6800	6111	6001	M	DD	5Aza	28	98	128	165			1
1456	6094	6010	M	DD	IC	22	87	132	166			2
2259	6022	6035	M	DD	Control	22	89	130	166			2
7230	5993	6046	M	DD	Genistein	27.8	101	129	167			1
1886	6127	5990	M	DD	Genistein	21	90	135	168			2
1898	6000	6051	M	DD	Genistein	30	103	148	168			2
2302	6054	6155	M	DD	Control	18	80	126	169			2
7422	6127	5990	M	DD	Control	22	93	135	169			1
7462	6157	6084	M	DD	Control	23	94	133	169			1
1465	6157	6084	M	DD	IC	25	91	130	169			2
6640	6150	5978	M	DD	IC	27.7	99	129	169			1
7010	5996	6083	M	DD	Bisphenol	26.7	99	130	171			1
2042	6045	6185	F	DD	5Aza	23	78	132	172	57	20	2
1692	5964	6106	M	DD	Bisphenol	20	87	135	172			2
7440	5955	6135	M	DD	Control	24.6	97	133	172			1
6997	6134	6029	M	DD	Bisphenol	25	89	121	172			1
6668	6050	6027	M	DD	IC	30	99	137	172			1
7202	6047	6036	M	DD	Genistein	22	90	124	173			1
7448	5996	6083	M	DD	Control	23	53	99	173			1
2298	6091	6159	M	DD	Control	28	94	141	173			2
7014	6168	6105	M	DD	Bisphenol	23.7	75	122	174			1
1468	6012	6039	M	DD	IC	24	89	127	174			2
1905	5963	6002	M	DD	Genistein	26	91	137	174			2
7480	6033	5966	F	DD	Control	28	98	141	174			1
1669	6134	6029	M	DD	Bisphenol	28	96	133	174			2
7196	6125	6143	F	DD	Genistein	24.7	85	129	175	66	3	1
1463	6172	6086	F	DD	IC	26	93	142	176	55	15	2
2274	6008	6118	F	DD	Control	28	99	140	176	53	24	2
1909	6172	6086	M	DD	Genistein	24	78	122	176			2
2279	6000	6051	M	DD	Control	26	95	132	176			2
6660	6172	6086	M	DD	IC	23.9	86	126	177			1
1474	6050	6027	M	DD	IC	27	97	128	177			2
2294	6007	6100	F	DD	Control	24	95	132	178	63	14	2
7201	6150	5978	F	DD	Genistein	29.9	106	147	178	55	16	1
1455	6094	6010	F	DD	IC	29	98	132	178	60	16	2
6993	6150	5978	F	DD	Bisphenol	24.5	93	131	178	55	17	1
2050	6160	5999	M	DD	5Aza	22	88	133	178			2
7017	6157	6084	M	DD	Bisphenol	26	89	125	178			1
7008	5996	6083	M	DD	Bisphenol	29	103	140	178			1
1440	6150	5978	M	DD	IC	31	100	138	178			2
6631	6045	6185	F	DD	IC	30.8	108	139	179	67	4	1
1458	6007	6100	F	DD	IC	29	101	138	179	55	22	2
1682	6157	6084	M	DD	Bisphenol	16	76	126	179			2
1666	6150	5978	M	DD	Bisphenol	26	96	138	179			2
1667	6150	5978	M	DD	Bisphenol	23	87	133	180			2
6801	6172	6086	M	DD	5Aza	23	82	119	180			1
6787	6045	6185	F	DD	5Aza	30	103	144	181	59	8	1
1694	6050	6027	F	DD	Bisphenol	23	92	138	181	55	22	2
1906	6168	6105	F	DD	Genistein	19	58	108	182			2
7197	6196	6178	M	DD	Genistein	25.5	92	126	182			1
6991	6196	6178	M	DD	Bisphenol	28.6		131	182			1
6639	6150	5978	M	DD	IC	30	94	125	183			1
7457	6071	6130	M	DD	Control	22	87	127	184			1
6662	6157	6084	M	DD	IC	24	95	124	184			1
7221	6157	6084	M	DD	Genistein	24.4	90	121	184			1
7443	6160	5999	M	DD	Control	26	99	131	184			1
7012	6161	5969	M	DD	Bisphenol	28	103	144	184			1
1899	6000	6051	M	DD	Genistein	28	96	140	184			2
1459	6111	6001	M	DD	IC	22	82	127	185			2
1891	6150	5978	M	DD	Genistein	27	101	147	185			2
1900	6000	6051	M	DD	Genistein	28	102	146	185			2
6655	6168	6105	M	DD	IC	20	65	120	186			1
2295	6041	6131	M	DD	Control	22	87	134	186			2
1908	6007	6100	M	DD	Genistein	26	98	140	186			2
6651	6160	5999	M	DD	IC	28	99	136	186			1
6645	6134	6029	M	DD	IC	28	91	125	186			1
7007	6000	6051	F	DD	Bisphenol	27	103	134	187	56	15	1
1435	6173	6059	F	DD	IC	25	94	138	187	57	19	2
6989	5882	6073	M	DD	Bisphenol	27	99	138	187			1
1686	5983	6124	F	DD	Bisphenol	27	96	153	188	56	21	2
1469	6012	6039	M	DD	IC	19	79	119	188			2
7476	6087	6174	M	DD	Control	23	87	127	188			1
7456	6094	6010	M	DD	Control	26.5	96	134	188			1
1894	6134	6029	F	DD	Genistein	22	91	133	189	53	24	2
2051	6160	5999	M	DD	5Aza	24	97	137	189			2
6637	6196	6178	M	DD	IC	26	95	135	189			1
7481	6033	5966	M	DD	Control	27	93	131	189			1
7004	5955	6135	M	DD	Bisphenol	28	97	132	189			1
2289	6028	6078	M	DD	Control	29	94	137	189			2
1919	5958	6122	M	DD	Genistein	29	96	136	189			2
1434	6127	5990	M	DD	IC	23	91	131	190			2
6652	6160	5999	M	DD	IC	28	103	140	190			1
2278	6000	6051	M	DD	Control	31	104	144	190			2
7216	6094	6010	F	DD	Genistein	27.3	100	138	191	58	13	1
2280	6000	6051	F	DD	Control	24	93	151	191	57	20	2
1466	5980	6023	F	DD	IC	19	85	133	191			2
2312	5993	6046	M	DD	Control	24	97	134	191			2
7208	5955	6135	M	DD	Genistein	26	103	137	191			1
1889	6196	6178	M	DD	Genistein	27	105	141	191			2
6638	6037	6025	F	DD	IC	34	88	135	192	61	11	1
7225	5983	6124	F	DD	Genistein	26.8	105	143	192	58	14	1
7203	6075	6176	M	DD	Genistein	25.2	100	128	192			1
6646	6081	6058	F	DD	IC	24.7	87	133	193	58	13	1
7439	6145	5957	M	DD	Control	25	103	141	193			1
7200	6201	6164	M	DD	Genistein	25	101	138	193			1
1890	6196	6178	M	DD	Genistein	26	93	134	193			2
6790	6037	6025	M	DD	5Aza		83	125	193			1
2315	5964	6106	F	DD	Control	26	100	154	194	72	5	2
1693	6050	6027	F	DD	Bisphenol	22	88	145	194	54	23	2
2052	6005	5997	M	DD	5Aza	29	103	143	194			2
6649	5955	6135	F	DD	IC	27	105	142	195	57	14	1
2317	6050	6027	F	DD	Control	30	104	144	195	53	25	2
1673	6107	5977	M	DD	Bisphenol	25	97	137	195			2
1918	6050	6027	M	DD	Genistein	27	95	140	195			2
7226	5983	6124	F	DD	Genistein	29	95	150	195			1
2281	6005	5997	F	DD	Control	29	101	138	196	53	24	2
1902	6030	6019	F	DD	Genistein	22	95	142	196			2
2293	6007	6100	M	DD	Control	26	94	136	196			2
1467	5983	6124	F	DD	IC	27	101	153	196			2
6667	6050	6027	M	DD	IC	30	105	142	196			1
6799	6030	6019	M	DD	5Aza	30	100	138	196			1
7193	6127	5990	F	DD	Genistein	25.9	97	136	197	57	1	1
1441	6172	6140	F	DD	IC	24	103	143	197	69	8	2
6642	6172	6140	F	DD	IC	25	95	135	197	53	18	1
1449	6030	6019	F	DD	IC	25	98	149	197	56	18	2
1892	6172	6140	M	DD	Genistein	25	86	128	197			2
6648	6145	5957	M	DD	IC	26.6	97	135	197			1
6804	6091	6159	M	DD	5Aza	27	97	132	197			1
7471	5983	6124	M	DD	Control	27.1	96	135	197			1
6808	6050	6027	M	DD	5Aza	28.9	99	136	197			1
6999	6152	5974	F	DD	Bisphenol	29.2	109	151	197			1
2252	5882	6073	M	DD	Control		97	136	197			2
7475	6012	6039	F	DD	Control	26	98	132	198	58	8	1
6797	5973	6053	F	DD	5Aza	23.9	95	135	198	57	12	1
1698	6055	6063	F	DD	Bisphenol	22	91	147	198	57	19	2
1678	6161	5969	F	DD	Bisphenol	29	108	152	198	56	21	2
7190	6045	6185	M	DD	Genistein	24.8	83	125	198			1
1680	6094	6010	M	DD	Bisphenol	26	95	137	198			2
7432	6081	6058	M	DD	Control	26.2	97	131	198			1
7472	5983	6124	M	DD	Control	30.2	99	139	198			1
2256	6196	6178	F	DD	Control	26	98	149	200	59	17	2
1690	5993	6046	F	DD	Bisphenol		94	139	200	55	20	2
2257	6196	6178	F	DD	Control	25	100	145	200	56	22	2
2285	6161	5969	M	DD	Control	19	86	139	200			2
1443	6008	6118	M	DD	IC	26	94	140	200			2
2266	6081	6058	F	DD	Control	26	92	137	200			2
7006	6160	5999	M	DD	Bisphenol	27	101	131	200			1
7464	6091	6159	M	DD	Control	30	104	142	200			1
6994	6047	6036	F	DD	Bisphenol	14.3	83	131	201	66	1	1
6636	6127	5990	F	DD	IC	23.4	89	128	201	57	14	1
1887	6173	6059	F	DD	Genistein	24	92	140	201	56	19	2
1470	6087	6174	F	DD	IC	19	88	135	201			2
7474	6012	6039	M	DD	Control	24	90	128	201			1
1911	6095	6139	M	DD	Genistein	24	88	128	201			2
1670	6134	6029	F	DD	Bisphenol	27	100	141	202	55	21	2
7450	6161	5969	M	DD	Control	23	99	145	202			1
6809	6055	6063	M	DD	5Aza	25	95	142	202			1
7473	6017	6043	F	DD	Control	28	90	141	203	57	15	1
2273	6107	5977	F	DD	Control	26	101	143	203	57	19	2
1473	6050	6027	F	DD	IC	28	99	149	203	58	19	2
7009	5996	6083	F	DD	Bisphenol	21.8	84	130	203			1
2292	6007	6100	F	DD	Control	38	100	137	204	55	22	2
7022	6017	6043	M	DD	Bisphenol	24.1	89	130	204			1
2310	6012	6039	M	DD	Control	26	91	129	204			2
7209	6160	5999	M	DD	Genistein	26.6	94	132	204			1
6665	5993	6046	M	DD	IC	28	104	140	204			1
6666	5993	6046	F	DD	IC	30.2	99	138	205	55	16	1
7232	6033	5966	F	DD	Genistein	24	89	125	205	54	18	1
2311	5993	6046	M	DD	Control	24	95	133	205			2
6670	6033	5966	M	DD	IC	27	96	139	205			1
7233	6033	5966	M	DD	Genistein	29	100	137	205			1
1885	6045	6185	F	DD	Genistein	29	92	139	206	62	15	2
1679	6168	6105	M	DD	Bisphenol	21	87	134	206			2
7228	6087	6174	M	DD	Genistein	23	88	130	206			1
1436	6196	6178	M	DD	IC	23	83	125	206			2
6641	6172	6140	M	DD	IC	26	93	130	206			1
2307	6017	6043	M	DD	Control	27	96	139	206			2
1460	6041	6131	M	DD	IC	27	94	134	206			2
7207	5973	6053	F	DD	Genistein	23	95	141	207	52	19	1
2046	6196	6178	F	DD	5Aza	28	106	148	207	57	20	2
2282	6005	5997	M	DD	Control	27	101	137	207			2
2260	6172	6140	F	DD	Control	27	98	137	207			2
7441	5955	6135	M	DD	Control	27	97	133	207			1
1896	6008	6118	M	DD	Genistein	29	94	132	207			2
7205	6152	5974	M	DD	Genistein	30	104	140	207			1
2264	6134	6029	F	DD	Control	28	98	138	208	54	23	2
6803	6157	6084	M	DD	5Aza	25.2	92	129	208			1
1907	6168	6105	F	DD	Genistein	25	96	133	209			2
7018	6157	6084	F	DD	Bisphenol	19	89	139	210	57	11	1
6663	5980	6023	F	DD	IC	27	101	142	210	56	16	1
1689	5993	6046	M	DD	Bisphenol	24	100	142	210			2
7427	6196	6178	M	DD	Control	24.6	106	150	210			1
6635	6127	5990	M	DD	IC	25	95	133	210			1
7231	6050	6027	F	DD	Genistein	28.6	108	143	211	54	18	1
1695	5958	6122	M	DD	Bisphenol	26	95	146	211			2
7023	6050	6027	F	DD	Bisphenol	29	108	146	212	57	12	1
2271	6107	5977	F	DD	Control	23	91	132	212			2
7483	6055	6063	F	DD	Control	25.6	96	146	212			1
1914	6017	6043	F	DD	Genistein	25	94	137	213			2
6643	6047	6036	M	DD	IC	25	90	123	213			1
2058	6172	6086	F	DD	5Aza	26	99	144	213			2
7446	5996	6083	F	DD	Control	28	102	132	214	65	3	1
1888	6196	6178	F	DD	Genistein	27	107	148	214	57	21	2
1444	5973	6053	F	DD	IC		88	145	214	53	24	2
1901	6005	5997	M	DD	Genistein	26	97	140	214			2
1912	5983	6124	M	DD	Genistein	27	94	138	214			2
6795	6081	6058	M	DD	5Aza	28	96	137	214			1
7219	6172	6086	M	DD	Genistein	28	101	137	214			1
7417	6045	6185	F	DD	Control	29.6	104	142	214			1
1464	6157	6084	F	DD	IC	23	95	139	215	56	5	2
6669	5958	6122	F	DD	IC	20	91	141	215	58	14	1
2044	6141	6165	M	DD	5Aza	27	91	130	215			2
2305	5983	6124	M	DD	Control	28	98	141	215			2
7229	5993	6046	M	DD	Genistein	30	99	121	215			1
7445	6030	6019	F	DD	Control	28	108	150	216	57	4	1
6658	6071	6130	F	DD	IC	29.8	104	147	216	57	14	1
1671	6184	6060	M	DD	Bisphenol	26	93	135	216			2
6793	6047	6036	F	DD	5Aza	29	95	132	216			1
2316	6050	6027	M	DD	Control	32	111	151	216			2
1916	5993	6046	F	DD	Genistein	21	91	129	217	52	24	2
7024	6050	6027	M	DD	Bisphenol	30	108	142	217			1
7479	6050	6027	F	DD	Control	31.6	100	145	218	56	14	1
2286	6161	5969	F	DD	Control	23	98	145	218	55	21	2
1439	6150	5978	F	DD	IC	26	102	153	218			2
1893	6075	6176	M	DD	Genistein	27	99	142	218			2
7003	6145	5957	F	DD	Bisphenol	27	98	134	218			1
7002	6008	6118	M	DD	Bisphenol	29	96	132	218			1
1663	5882	6073	F	DD	Bisphenol	26	94	148	219	66	10	2
6650	6160	5999	F	DD	IC	28	105	141	219	56	12	1
2053	6161	5969	M	DD	5Aza	24	97	140	219			2
6791	6150	5978	M	DD	5Aza	30.1	104	143	219			1
1915	6017	6043	F	DD	Genistein	23	89	136	220			2
7452	5963	6002	F	DD	Control	29	106	138	221	56	3	1
1431	6045	6185	F	DD	IC	31	106	141	221	59	18	2
2253	6173	6059	M	DD	Control	23	91	135	221			2
2254	6173	6059	M	DD	Control	25	95	140	221			2
6633	5882	6073	M	DD	IC	27	98	134	221			1
7019	6091	6159	M	DD	Bisphenol	27.1	94	133	221			1
7218	6071	6130	M	DD	Genistein	27.6	100	129	221			1
1676	6005	5997	F	DD	Bisphenol	28	104	149	222	70	7	2
1446	6160	5999	F	DD	IC	23	93	147	222			2
7020	6091	6159	M	DD	Bisphenol	25	95	134	222			1
1453	6028	8510	F	DD	IC	27	98	146	222			2
2288	6028	6078	M	DD	Control	28	92	137	222			2
6671	6033	5966	F	DD	IC	28	99	141	223	54	17	1
2055	6168	6105	M	DD	5Aza	25	92	133	223			2
7215	6168	6105	M	DD	Genistein	26	97	136	224			1
7470	5980	6023	F	DD	Control	27	102	142	224			1
1903	5996	6083	F	DD	Genistein	23	82	133	225			2
7025	6033	5966	F	DD	Bisphenol	21	90	137	226	56	15	1
7428	6201	6164	F	DD	Control	27.8	105	148	226	54	17	1
1681	6111	6001	M	DD	Bisphenol	25	91	133	226			2
2283	6005	5997	F	DD	Control	26	94	136	227	53	23	2
1688	6087	6174	F	DD	Bisphenol	23	90	142	227			2
6802	6157	6084	F	DD	5Aza	24	87	131	227			1
6634	5882	6073	M	DD	IC	27	101	139	227			1
6654	6161	5969	F	DD	IC	27.4	102	151	228	57	14	1
7222	6091	6159	M	DD	Genistein	28	101	140	228			1
2045	6196	6178	F	DD	5Aza	26	93	123	229	59	18	2
1451	5996	6083	F	DD	IC	23	86	133	229			2
1687	6017	6043	M	DD	Bisphenol	25	97	142	229			2
2272	6107	5977	F	DD	Control	28	102	151	230			2
6661	6172	6086	F	DD	IC	26.6	101	141	231	57	1	1
2297	6172	6086	F	DD	Control	33	108	148	231	56	16	2
1910	6091	6159	F	DD	Genistein	29	101	147	231	53	24	2
7011	6161	5969	F	DD	Bisphenol	29	105	149	232	56	13	1
7198	6196	6178	F	DD	Genistein	27	106	143	232	57	15	1
1672	6107	5977	F	DD	Bisphenol	26	95	139	232			2
7192	5882	6073	M	DD	Genistein	27.7	100	140	232			1
6805	6091	6159	M	DD	5Aza	29.2	102	142	232			1
7217	6071	6130	M	DD	Genistein	27	98	135	233			1
7000	6107	5977	F	DD	Bisphenol	29	106	147	234	55	4	1
1691	5964	6106	F	DD	Bisphenol	22	98	150	234	55	5	2
7220	6172	6086	F	DD	Genistein	31	108	153	234			1
7455	6168	6105	F	DD	Control	31	110	149	234			1
6992	6201	6164	F	DD	Bisphenol	29	108	153	235	59	11	1
2284	5996	6083	F	DD	Control	26	98	138	236	57	20	2
6990	6196	6178	F	DD	Bisphenol	28	107	154	236			1
7191	5882	6073	M	DD	Genistein	31	108	152	236			1
7426	6196	6178	F	DD	Control	28.3	109	157	237	59	14	1
7420	5882	6073	F	DD	Control	27.3	103	144	237	55	16	1
7429	6201	6164	F	DD	Control	26	107	150	238	56	14	1
7021	5983	6124	M	DD	Bisphenol	29.2	105	142	239			1
2291	6168	6105	F	DD	Control	19	78	138	242			2
7016	6172	6086	F	DD	Bisphenol	29.9	106	149	243	63	8	1
1897	5973	6053	M	DD	Genistein	26		135	243			2
2306	5983	6124	M	DD	Control	28	95	143	243			2
7451	6161	5969	F	DD	Control	26.8	102	142	244	53	17	1
1442	6107	5977	F	DD	IC	25	97	143	244			2
1696	5958	6122	F	DD	Bisphenol	25	100	141	244			2
2059	6091	6159	F	DD	5Aza	27	100	143	245			2
2314	5964	6106	F	DD	Control	22	77	138	247			2
2299	6091	6159	F	DD	Control	24	93	152	247			2
1437	6196	6178	M	DD	IC	26	94	137	250			2
6788	5882	6073	M	DD	5Aza	30.4	110	143	253			1
1675	6145	5957	F	DD	Bisphenol	19	95	140	254			2
1674	6145	5957	F	DD	Bisphenol	24	96	144	254			2
6987	6045	6185	M	DD	Bisphenol	32	106	144	254			1
2060	5993	6046	F	DD	5Aza	26	95	135	257			2
1452	6161	5969	F	DD	IC	29	98	156	259	56	20	2
7458	6172	6086	F	DD	Control	32	107	147	260	66	6	1
1472	5964	6106	F	DD	IC	26	97	151	262			2
6988	5882	6073	F	DD	Bisphenol	29.9	109	145	262			1
7463	6091	6159	F	DD	Control	31	107	149	267	54	5	1
6792	6047	6036	F	DD	5Aza	26.8	99	144	269	54	1	1
7418	6045	6185	F	DD	Control	30	105	147	269			1
2320	6055	6063	F	DD	Control	17	88	145	272	59	3	2
7199	6201	6164	F	DD	Genistein	30	110	151	275	55	6	1
7431	6047	6036	F	DD	Control	25.9	102.9	135		59	6	1
1683	6157	6084	F	DD	Bisphenol	24	94	141		60	10	2
2057	6111	6001		DD	5Aza	10						2
7447	5996	6083	M	DD	Control	14.1	63					1
2047	6134	6029		DD	5Aza	16						2
7028	6055	6063	F	DD	Bisphenol	17	77					1
1913	5983	6124	F	DD	Genistein	18	84	135				2
1432	5882	6073	F	DD	IC	19	85	143				2
6653	5996	6083	F	DD	IC	19	85	139				1
2267	6110	6038	F	DD	Control	19	89	133				2
7436	6152	5974	F	DD	Control	19	65	122				1
1917	5964	6106		DD	Genistein	19						2
7477	5964	6106	M	DD	Control	20	92	139				1
2276	6145	5957	M	DD	Control	20	84	131				2
1476	6033	5966	F	DD	IC	20	82	129				2
7027	6055	6063		DD	Bisphenol	20						1
7438	5973	6053		DD	Control	20						1
6672	6055	6063		DD	IC	20.9						1
2301	6054	6155	F	DD	Control	21	87	144				2
2258	6022	6035	F	DD	Control	21	82	136				2
2318	6033	5966		DD	Control	21						2
1904	6028	6078		DD	Genistein	21						2
7212	5996	6083		DD	Genistein	21.9						1
2270	6184	6060	F	DD	Control	22	91	131				2
2275	6145	5957	M	DD	Control	22	88	123				2
2296	6172	6086		DD	Control	22	68	121				2
1895	6184	6060		DD	Genistein	22	93					2
6996	6047	6036		DD	Bisphenol	22.5						1
7467	6095	6139	M	DD	Control	22.9	93	137				1
7466	6054	6155	F	DD	Control	23	100	151				1
2269	6184	6060	M	DD	Control	23	88	133				2
1665	6141	6165	M	DD	Bisphenol	23	85	123				2
7423	6173	6059	F	DD	Control	23.5	91	140				1
6656	6168	6105	M	DD	IC	23.5	85	125				1
2287	6028	6078	F	DD	Control	24	92	149				2
1445	6160	5999	F	DD	IC	24	103	144				2
7419	5882	6073	F	DD	Control	24	95	142				1
1677	6161	5969	F	DD	Bisphenol	24	98	141				2
7204	6184	6060	F	DD	Genistein	24	88	135				1
2262	6134	6029	M	DD	Control	24	89	131				2
2309	6012	6039	F	DD	Control	24	83	131				2
7449	6161	5969	F	DD	Control	24.3	99	143				1
2303	6123	6068	F	DD	Control	25	92	150				2
2268	6184	6060	M	DD	Control	25	96	136				2
7465	6054	6155	M	DD	Control	25	93	133				1
2265	6081	6058	F	DD	Control	25	89	132				2
2255	6173	6059	M	DD	Control	25	89	130				2
6796	6184	6060		DD	5Aza	25						1
2261	6047	6036		DD	Control	25						2
7434	6184	6060	F	DD	Control	25.7	101	142				1
1477	6033	5966	F	DD	IC	26	98	145				2
7453	5963	6002	F	DD	Control	26	99	143				1
1454	6168	6105	F	DD	IC	26	95	141				2
7015	6094	6010	F	DD	Bisphenol	26	94	137				1
1684	6091	6159	M	DD	Bisphenol	26	92	137				2
7421	5882	6073	M	DD	Control	26	99	137				1
7194	6141	6165	M	DD	Genistein	26	98	129				1
7425	6173	6059	M	DD	Control	26	88	126				1
7213	6161	5969	M	DD	Genistein	26	91	107				1
2300	6091	6159	M	DD	Control	27	97	146				2
1462	6041	6131	F	DD	IC	27	102	144				2
6664	5983	6124	M	DD	IC	27	94	136				1
1448	6000	6051	F	DD	IC	27	98	134				2
7424	6173	6059	M	DD	Control	27	95	133				1
2263	6134	6029	M	DD	Control	27	98	132				2
6995	6047	6036		DD	Bisphenol	27						1
7469	6095	6139	F	DD	Control	28	100	144				1
2319	6033	5966	M	DD	Control	28	99	143				2
7468	6095	6139	F	DD	Control	28	98	143				1
7444	6000	6051	F	DD	Control	28	98	140				1
7478	6050	6027	F	DD	Control	28	95	137				1
7211	6030	6019	M	DD	Genistein	28	91	128				1
6657	6071	6130	M	DD	IC	28.6	92	133				1
1447	6000	6051	F	DD	IC	29	103	158				2
7460	6172	6086	F	DD	Control	29	105	155				1
7430	6172	6140	F	DD	Control	29	104	149				1
7437	6152	5974	F	DD	Control	29.4	104	150				1
1438	6150	5978	M	DD	IC	31	97	141				2
7459	6172	6086	F	DD	Control	31		140				1
7442	5968	6132	F	DD	Control	32	117	162				1
6962	5761	5734	M	B	Bisphenol	38.1	152	200	200			1
1380	5781	5701	M	B	IC	38	132	222	211			2
6955	5797	5862	F	B	Bisphenol	41		250	221	67	5	1
1859	5826	5924	F	B	Genistein	39	165	264	223			2
2012	5799	5907	F	B	5Aza	41	175	258	238	55	14	2
1404	5772	5780	M	B	IC	41	157	234	262			2
1853	5851	5804	F	B	Genistein	34	141	241	268	54	21	2
1423	5941	5904	M	B	IC	37	151	223	273			2
6565	5894	5860	M	B	IC	21	108	209	282			1
6961	5719	5708	M	B	Bisphenol	42	163	243	283			1
1375	5867	5863	M	B	IC	44	146	226	291			2
6929	5885	5805	M	B	Bisphenol	38.8	144	211	292			1
2001	5855	5703	M	B	5Aza	30	134	190	294			2
7363	5855	5703	M	B	Control	34	141	217	295			1
7406	5926	5731	M	B	Control	37.4	142	231	295			1
6773	5917	5940	F	B	5Aza	40.4	168	242	296	56	16	1
6764	5793	5711	M	B	5Aza	39	145	221	298			1
6595	5793	5711	M	B	IC	40	149	221	300			1
1424	5941	5904	M	B	IC	36	131	211	302			2
1601	5868	5760	M	B	Bisphenol	37	146	224	303			2
6975	5944	5767	M	B	Bisphenol	46	174	251	304			1
6974	5944	5767	M	B	Bisphenol	36	130	204	305			1
6784	5822	5778	M	B	5Aza	37.3	155	232	305			1
1850	5799	5907	M	B	Genistein	45	165	220	306			2
7409	5864	5947	M	B	Control	37.4	139	235	307			1
6942	5793	5711	M	B	Bisphenol	41	153	221	307			1
6601	5729	5949	M	B	IC	41.7	155	229	309			1
6767	5772	5780	M	B	5Aza	46.6	172	236	309			1
6970	5773	5748	M	B	Bisphenol	39	159	245	311			1
7411	5897	5899	M	B	Control	34	156	245	313			1
2189	5794	5766	M	B	Control	34	131	219	314			2
7139	5855	5703	F	B	Genistein	36	147	210	315			1
6956	5751	5735	M	B	Bisphenol	37.7	152	234	315			1
6614	5761	5734	M	B	IC	34	154	232	318			1
6763	5793	5711	M	B	5Aza	42	165	248	319			1
7136	5781	5701	M	B	Genistein	38	152	234	320			1
1989	5709	5906	M	B	5Aza	27	123	211	321			2
6620	5926	5731	M	B	IC	47.3	188	275	321			1
7416	5884	5803	M	B	Control	39.1	148	224	322			1
1608	5758	5861	M	B	Bisphenol	35	155	242	324			2
6578	5855	5703	F	B	IC	35.2	147	200	326	49	22	1
2186	5868	5760	M	B	Control	34	148	240	326			2
1417	5761	5734	M	B	IC	35	144	230	326			2
6768	5939	5908	M	B	5Aza	36	138	230	326			1
6606	5826	5924	M	B	IC	36	164	239	327			1
6588	5788	5896	M	B	IC	41.3	166	237	328			1
1883	5888	5842	M	B	Genistein	32	143	232	329			2
1869	5761	5734	M	B	Genistein	36	149	243	329			2
7364	5808	5857	M	B	Control	37	152	243	329			1
2195	5846	5832	M	B	Control	38	161	243	329			2
1595	5709	5906	M	B	Bisphenol	33	141	235	330			2
7150	5873	5764	M	B	Genistein	35	157	258	330			1
2022	5744	5806	M	B	5Aza	41	168	265	330			2
2205	5788	5896	M	B	Control	42	160	261	330			2
6951	5933	5715	M	B	Bisphenol	47	172	237	330			1
1856	5939	5908	M	B	Genistein	25	121	202	331			2
7188	5884	5803	M	B	Genistein	27.3	188	216	331			1
1407	5939	5908	M	B	IC	30	120	216	331			2
1874	5926	5731	M	B	Genistein	40	155	243	331			2
7183	5897	5899	M	B	Genistein	43	173	246	331			1
1403	5772	5780	M	B	IC	45	170	262	332			2
6581	5885	5805	M	B	IC	36	140	227	333			1
6594	5873	5764	M	B	IC	38	154	238	333			1
7130	5894	5860	M	B	Genistein	38	149	221	334			1
1588	5771	5834	M	B	Bisphenol	39	160	263	334			2
7168	5719	5708	M	B	Genistein	40	162	241	334			1
6926	5781	5701	M	B	Bisphenol	43	155	242	334			1
1840	5855	5703	M	B	Genistein	34	135	215	336			2
1428	5822	5778	M	B	IC	41	168	258	336			2
6985	5884	5803	M	B	Bisphenol	38	161	252	337			1
7352	5827	5901	M	B	Control	38	165	236	338			1
2239	5926	5731	M	B	Control	40	152	238	338			2
6577	5855	5703	F	B	IC	38	161	219	339	47	23	1
1653	5817	5913	M	B	Bisphenol	41	161	239	339			2
2237	5941	5904	M	B	Control	37	149	225	340			2
2246	5791	5875	M	B	Control	44	161	243	340			2
7189	5884	5803	M	B	Genistein	35.3	149	240	341			1
6941	5873	5764	M	B	Bisphenol	35.5	157	243	341			1
1645	5761	5734	M	B	Bisphenol	38	152	242	341			2
6777	5773	5748	M	B	5Aza	39	150	223	341			1
6945	5934	5938	M	B	Bisphenol	43.2	181	258	341			1
2032	5941	5904	M	B	5Aza	31	136	225	342			2
1382	5758	5861	M	B	IC	39	160	245	342			2
6600	5933	5715	M	B	IC	43	174	252	342			1
6623	5944	5767	F	B	IC	34	154	239	343	52	18	1
1374	5709	5906	F	B	IC	38	160	235	343	52	24	2
6613	5719	5708	M	B	IC	34	147	238	343			1
2037	5791	5875	F	B	5Aza	37	166	263	344	69	7	2
2247	5897	5899	M	B	Control	42	169	249	344			2
6950	5939	5908	M	B	Bisphenol	37.7	144	234	345			1
1873	5941	5904	F	B	Genistein	39	145	241	346	54	22	2
1613	5855	5703	F	B	Bisphenol	32	133	195	346	49	27	2
6625	5864	5947	M	B	IC	43.8	167	250	346			1
1603	5794	5766	F	B	Bisphenol	30	142	224	347	52	22	2
1612	5738	5927	M	B	Bisphenol	40	162	245	347			2
7394	5744	5806	M	B	Control	42	160	257	347			1
2017	5933	5715	M	B	5Aza	45	168	286	347			2
7366	5885	5805	M	B	Control	33	132	222	348			1
1835	5943	5887	M	B	Genistein	39	163	261	348			2
1863	5917	5940	M	B	Genistein	41	159	254	348			2
1621	5799	5907	F	B	Bisphenol	40	159	237	349	52	24	2
7399	5761	5734	M	B	Control	36.6	159	247	349			1
1632	5751	5735	M	B	Bisphenol	43	161	240	349			2
1600	5877	5762	M	B	Bisphenol	44	163	243	349			2
7161	5744	5806	M	B	Genistein	45.6	174	247	349			1
6780	5926	5731	M	B	5Aza	39.5	152	237	350			1
1878	5897	5899	M	B	Genistein	41	168	255	350			2
1628	5933	5715	M	B	Bisphenol	41	163	239	350			2
7145	5919	5876	M	B	Genistein	37	150	243	351			1
7370	5919	5876	M	B	Control	37	152	237	351			1
2027	5858	5740	M	B	5Aza	40	155	225	351			2
7185	5822	5778	M	B	Genistein	40.2	164	254	351			1
6771	5744	5806	F	B	5Aza	47	153	238	351			1
1406	5939	5908	F	B	IC	37	149	235	353	58	18	2
7140	5855	5703	F	B	Genistein	32	136	213	353	51	19	1
7170	5784	5733	M	B	Genistein	34	154	243	353			1
6583	5919	5876	M	B	IC	40.2	156	260	353			1
7381	5793	5711	M	B	Control	42.1	164	257	353			1
1388	5808	5857	M	B	IC	39	159	235	354			2
1606	5781	5701	M	B	Bisphenol	43	167	271	354			2
1991	5867	5863	M	B	5Aza	49	174	241	354			2
1373	5709	5906	F	B	IC	34	139	225	355	53	23	2
6756	5794	5766	M	B	5Aza	35.6	150	226	355			1
2000	5856	5838	M	B	5Aza	41	162	242	355			2
2224	5744	5806	M	B	Control	43	164	259	355			2
1996	5781	5701	M	B	5Aza	51	172	272	355			2
1992	5868	5760	M	B	5Aza	34	144	225	356			2
7415	5884	5803	M	B	Control	44	176	260	356			1
7154	5934	5938	M	B	Genistein	47.9	186	275	356			1
2006	5919	5876	M	B	5Aza	37	146	134	357			2
2024	5917	5940	M	B	5Aza	38	146	245	357			2
1866	5858	5740	M	B	Genistein	41	167	244	357			2
1849	5799	5907	M	B	Genistein	43	164	246	357			2
1605	5794	5766	M	B	Bisphenol	31	153	253	358			2
7407	5944	5767	M	B	Control	38	161	244	358			1
1625	5793	5711	M	B	Bisphenol	38	150	238	358			2
2033	5941	5904	M	B	5Aza	38	147	230	358			2
2023	5744	5806	M	B	5Aza	43	166	260	358			2
6931	5919	5876	M	B	Bisphenol	39	150	239	360			1
7396	5917	5940	M	B	Control	41	157	227	360			1
6618	5773	5748	F	B	IC	46	165	252	361	54	16	1
1865	5936	5741	M	B	Genistein	44	171	261	361			2
6627	5822	5778	M	B	IC	44	164	229	361			1
1854	5772	5780	M	B	Genistein	45	163	240	361			2
6939	5799	5907	M	B	Bisphenol	38	157	247	362			1
7179	5944	5767	M	B	Genistein	38.8	148	225	362			1
1619	5878	5728	M	B	Bisphenol	39	173	250	362			2
6761	5799	5907	M	B	5Aza	40.2	174	260	362			1
6953	5729	5949	M	B	Bisphenol	42	150	229	362			1
1422	5783	5782	M	B	IC	45	182	277	362			2
1607	5781	5701	M	B	Bisphenol	50	192	277	362			2
1596	5709	5906	F	B	Bisphenol	32	140	226	364	52	24	2
2227	5917	5940	M	B	Control	41	162	255	364			2
7373	5788	5896	M	B	Control	42	180	263	364			1
7383	5934	5938	M	B	Control	43.6	173	269	364			1
1408	5933	5715	M	B	IC	48	175	250	364			2
7408	5944	5767	F	B	Control	33	138	220	365	54	18	1
1830	5868	5760	F	B	Genistein	36	151	231	365	53	23	2
1629	5933	5715	F	B	Bisphenol	44	157	234	366	54	23	2
1411	5744	5806	M	B	IC	32	148	263	366			2
6572	5856	5838	M	B	IC	39	167	252	366			1
6615	5784	5733	F	B	IC	33.7	132	233	367	55	16	1
6755	5894	5860	F	B	5Aza	35	138	233	367	54	18	1
1598	5867	5863	M	B	Bisphenol	38	153	254	367			2
6759	5878	5728	M	B	5Aza	42	163	244	367			1
2179	5709	5906	M	B	Control	39	161	264	368			2
7177	5926	5731	F	B	Genistein	40	150	229	369	55	13	1
1828	5709	5906	F	B	Genistein		144	233	369	56	21	2
7132	5827	5901	M	B	Genistein	39	163	252	369			1
1994	5774	5937	M	B	5Aza	42	162	250	369			2
6943	5793	5711	F	B	Bisphenol	38.7	152	226	371	56	15	1
1610	5856	5838	M	B	Bisphenol	37	167	261	371			2
7158	5729	5949	M	B	Genistein	42	154	244	371			1
2185	5868	5760	F	B	Control	21	166	259	372	54	1	2
6757	5781	5701	M	B	5Aza	44	176	268	372			1
2204	5807	5891	M	B	Control	48	176	257	372			2
6963	5761	5734	F	B	Bisphenol	35	156	244	373	52	17	1
6619	5773	5748	M	B	IC	44	159	236	373			1
6775	5719	5708	F	B	5Aza	44	170	248	374	56	17	1
6608	5744	5806	M	B	IC	49	189	270	374			1
1651	5941	5904	F	B	Bisphenol	38	144	230	375	54	21	2
1842	5885	5805	M	B	Genistein	38	142	225	375			2
1378	5781	5701	M	B	IC	47	188	272	375			2
6626	5897	5899	M	B	IC	42.6	161	251	376			1
7164	5917	5940	M	B	Genistein	44	164	238	376			1
2018	5933	5715	F	B	5Aza	35	144	236	377	55	19	2
2207	5878	5728	M	B	Control	47	170	280	377			2
7182	5864	5947	M	B	Genistein	47	184	270	377			1
6940	5873	5764	F	B	Bisphenol	39.5	160	266	378	54	10	1
2182	5867	5863	F	B	Control	37	150	253	378	52	24	2
2038	5822	5778	M	B	5Aza	42	167	277	378			2
6564	5795	5871	M	B	IC	45	176	269	378			1
1656	5897	5899	F	B	Bisphenol	41	166	255	379	50	26	2
2198	5808	5857	M	B	Control	40	168	255	379			2
2029	5858	5740	M	B	5Aza	42	170	256	379			2
1650	5783	5782	M	B	Bisphenol	45	186	277	379			2
6770	5826	5924	F	B	5Aza	38.3	153	252	381	55	13	1
6570	5794	5766	F	B	IC	37	160	223	382	58	1	1
1638	5917	5940	F	B	Bisphenol	38	152	247	382	53	23	2
7184	5822	5778	F	B	Genistein	39.7	161	243	382			1
2214	5772	5780	M	B	Control	48	183	277	382			2
7374	5788	5896	M	B	Control	50	185	280	382			1
2002	5855	5703	F	B	5Aza	38	155	283	383	52	25	2
1602	5774	5937	M	B	Bisphenol	35	162	226	383			2
6754	5795	5871	M	B	5Aza	46.8	177	252	383			1
2202	5919	5876	M	B	Control		171		383			2
2208	5799	5907	F	B	Control	43	177	262	384	58	17	2
7157	5933	5715	F	B	Genistein	38	156	219	384	55	18	1
2015	5772	5780	F	B	5Aza	39	164	259	384	52	24	2
6934	5747	5801	F	B	Bisphenol	32.8	136	222	384			1
2192	5943	5887	M	B	Control	37	158	253	384			2
1429	5888	5842	M	B	IC	39	171	272	384			2
2025	5917	5940	M	B	5Aza	39	150	254	384			2
2188	5794	5766	M	B	Control	34	148	257	385			2
6918	5827	5901	M	B	Bisphenol	41.9	174	273	385			1
1868	5858	5740	M	B	Genistein	43	183	273	385			2
1396	5878	5728	M	B	IC	45	173	263	385			2
7387	5933	5715	F	B	Control	44	170	255	387	54	17	1
1848	5799	5907	F	B	Genistein	42	159	243	387	60	17	2
6612	5719	5708	F	B	IC	46	185	255	387	53	18	1
2036	5791	5875	F	B	5Aza	33	139	238	387	54	22	2
2175	5839	5810	F	B	Control	34	156	245	387			2
1823	5771	5834	M	B	Genistein	35	162	291	387			2
6916	5890	5912	M	B	Bisphenol	40	173	267	387			1
2009	5788	5896	M	B	5Aza	43	172	269	387			2
1637	5917	5940	M	B	Bisphenol	40	163	241	388			2
1387	5808	5857	M	B	IC	42	169	246	388			2
7378	5799	5907	F	B	Control	45	173	245	389	56	12	1
6919	5827	5901	F	B	Bisphenol	39	163	251	389	52	17	1
6573	5856	5838	F	B	IC	35	147	252	389	53	19	1
1397	5878	5728	M	B	IC	40	174	281	389			2
1837	5856	5838	M	B	Genistein	36	163	245	390			2
7127	5890	5912	M	B	Genistein	40	153	257	390			1
6772	5917	5940	F	B	5Aza	40	154	232	391	58	13	1
1379	5781	5701	F	B	IC	43	175	255	391	57	17	2
1843	5919	5876	F	B	Genistein	38	153	246	392	58	17	2
7133	5827	5901	F	B	Genistein	40	163	250	392	53	19	1
6978	5864	5947	M	B	Bisphenol	40	174	268	392			1
7414	5884	5803	F	B	Control	35	156	265	393	52	19	1
7147	5799	5907	F	B	Genistein	40	161	238	394	57	5	1
7389	5729	5949	F	B	Control	36	152	235	395	54	18	1
2039	5822	5778	F	B	5Aza	39	157	253	395	52	23	2
7124	5771	5834	M	B	Genistein	40.1	183	283	395			1
6624	5817	5913	F	B	IC	39	171	255	396	54	17	1
7384	5772	5780	F	B	Control	49	179	254	396	53	20	1
1999	5856	5838	F	B	5Aza	38	174	267	396	54	23	2
1609	5943	5887	M	B	Bisphenol	35	156	268	396			2
6960	5936	5741	M	B	Bisphenol	42	173	275	396			1
1884	5888	5842	M	B	Genistein	45	172	257	396			2
1618	5878	5728	F	B	Bisphenol	41	176	275	397	55	22	2
6781	5817	5913	F	B	5Aza	39.3	172	251	398	54	14	1
6980	5897	5899	F	B	Bisphenol	42	169	263	398	53	16	1
1833	5781	5701	F	B	Genistein	44	163	262	398	56	17	2
7143	5885	5805	M	B	Genistein	35.4	152	232	398			1
6593	5873	5764	F	B	IC	36	138	245	399	55	16	1
2187	5774	5937	F	B	Control	39	160	257	399	55	21	2
6592	5799	5907	F	B	IC	45	181	259	400	53	14	1
7377	5799	5907	F	B	Control	44	181	263	400	51	20	1
2035	5926	5731	F	B	5Aza	42	169	252	400	56	21	2
1370	5795	5871	F	B	IC	45	182	263	401	55	22	2
7349	5795	5871	M	B	Control	42	173	262	402			1
2245	5791	5875	F	B	Control	39	160	264	403	53	22	2
2215	5772	5780	F	B	Control	46	172	256	403	53	23	2
6585	5747	5801	F	B	IC	41	164	251	403			1
1986	5795	5871	F	B	5Aza	40	164	256	404	54	22	2
6779	5926	5731	F	B	5Aza	36	140	240	405	54	16	1
2229	5858	5740	M	B	Control	44	176	249	405			2
1614	5855	5703	F	B	Bisphenol	34	157	254	406	60	17	2
1862	5744	5806	F	B	Genistein	44	167	179	406	56	18	2
2030	5761	5734	F	B	5Aza	34	169	273	406	55	22	2
1879	5822	5778	F	B	Genistein	40	157	250	406	52	24	2
6986	5884	5803	F	B	Bisphenol	35.2	148	257	407	56	15	1
6949	5939	5908	F	B	Bisphenol	33	146	236	407	53	17	1
2235	5784	5733	F	B	Control	34	164	276	407	52	25	2
2040	5888	5842	M	B	5Aza	40	166	275	407			2
2016	5772	5780	M	B	5Aza	51	195	289	407			2
7180	5817	5913	F	B	Genistein	39	154	257	408	55	14	1
6562	5890	5912	M	B	IC	40.1	197	297	408			1
7171	5784	5733	F	B	Genistein	39	154	259	409	54	17	1
1399	5873	5764	F	B	IC	41	165	272	409	53	23	2
1881	5822	5778	F	B	Genistein	36	163	281	409	52	24	2
1832	5794	5766	F	B	Genistein	37	164	247	410	76	1	2
2028	5858	5740	F	B	5Aza	41	168	256	411	52	18	2
6607	5826	5924	F	B	IC	44	180	260	411			1
7156	5939	5908	F	B	Genistein	34	117	216	413	57	13	1
7160	5826	5924	F	B	Genistein	47	177	257	413	57	14	1
6946	5934	5938	F	B	Bisphenol	46	180	273	413	55	15	1
6965	5784	5733	F	B	Bisphenol	39	167	262	413	55	16	1
1405	5772	5780	F	B	IC	47	160	280	413	52	24	2
7146	5788	5896	F	B	Genistein	41	164	250	414	55	17	1
6984	5821	5819	F	B	Bisphenol	36	165	239	415	58	1	1
6981	5822	5778	F	B	Bisphenol	40	164	240	415	54	15	1
7367	5885	5805	F	B	Control	38	154	248	415	57	15	1
2212	5793	5711	F	B	Control	48	175	260	415	56	17	2
1659	5888	5842	F	B	Bisphenol	43	185	286	415	53	21	2
1597	5867	5863	F	B	Bisphenol	42	167	271	415	52	25	2
2191	5943	5887	F	B	Control		158	267	416	57	15	2
6778	5773	5748	F	B	5Aza	44	170	264	416	53	16	1
1836	5856	5838	F	B	Genistein	36	165	262	416	54	21	2
7358	5794	5766	F	B	Control	33.9	158	241	417			1
1642	5858	5740	F	B	Bisphenol	43	175	255	418	53	23	2
1987	5795	5871	F	B	5Aza	44	173	269	419	52	22	2
7368	5919	5876	F	B	Control	38.2	167	240	421	58	13	1
1997	5781	5701	F	B	5Aza	46	177	265	421	56	21	2
1861	5744	5806	F	B	Genistein	44	174	262	421	50	24	2
7355	5774	5937	M	B	Control	46.4	188	255	421			1
2010	5878	5728	F	B	5Aza	42	157	247	422	50	26	2
6609	5744	5806	F	B	IC	37	161	256	423	53	19	1
1847	5878	5728	F	B	Genistein	42	186	275	423	52	24	2
7405	5773	5748	F	B	Control	48	176	260	424	56	13	1
7385	5939	5908	F	B	Control	39	165	254	425	57	14	1
7165	5936	5741	F	B	Genistein	45	171	256	425	54	17	1
2240	5926	5731	F	B	Control	39	172	269	425	56	17	2
1395	5878	5728	F	B	IC	44	185	290	425	55	20	2
2225	5744	5806	F	B	Control	46	166	257	425	54	22	2
1627	5933	5715	F	B	Bisphenol	40	163	246	427	55	21	2
6782	5817	5913	F	B	5Aza	44.6	171	251	428	54	14	1
7400	5761	5734	F	B	Control	36.4	162	260	428	53	18	1
6930	5885	5805	F	B	Bisphenol	33	155	261	428			1
6915	5771	5834	F	B	Bisphenol	41.2	168	259	429	54	16	1
1413	5917	5940	F	B	IC	43	163	236	429	58	17	2
6937	5878	5728	F	B	Bisphenol	44.9	180	271	430	53	19	1
2249	5888	5842	F	B	Control		176	284	430	54	22	2
6563	5890	5912	F	B	IC	40.6	162	286	431	55	14	1
2011	5878	5728	F	B	5Aza	36	170	261	431	53	20	2
2194	5856	5838	F	B	Control	39	178	271	431	53	23	2
7392	5744	5806	F	B	Control	45	177	284	432	55	17	1
2171	5771	5834	M	B	Control	34	166	281	432			2
7178	5944	5767	F	B	Genistein	35	155	245	433	57	13	1
1864	5917	5940	F	B	Genistein	32	149	246	433	53	20	2
2228	5936	5741	F	B	Control	49	184	275	433	53	23	2
1385	5856	5838	F	B	IC	36	167	271	433	54	23	2
1381	5758	5861	F	B	IC	43	177	281	434	55	19	2
1390	5885	5805	F	B	IC	36	151	254	435	55	21	2
1371	5827	5901	F	B	IC	41	172	260	435	52	24	2
7162	5744	5806	F	B	Genistein	48	186	276	436	58	14	1
1998	5758	5861	F	B	5Aza	36	173	272	436	52	18	2
1641	5858	5740	F	B	Bisphenol	40	163	235	436	53	23	2
1660	5888	5842	F	B	Bisphenol	44	181	280	436	53	23	2
1384	5943	5887	F	B	IC	33	163	285	437	56	19	2
2026	5917	5940	F	B	5Aza	39	163	247	437	55	22	2
6621	5926	5731	F	B	IC	43	173	286	438	55	16	1
6785	5888	5842	F	B	5Aza	44	176	270	438	52	18	1
1590	5771	5834	F	B	Bisphenol	39	160	276	438	54	21	2
1646	5761	5734	F	B	Bisphenol	38	165	257	439	52	25	2
6971	5773	5748	F	B	Bisphenol	42	177	274	440	53	15	1
7348	5890	5912	F	B	Control	43.7	179	285	440	53	17	1
6582	5885	5805	F	B	IC	28.4	141	247	440	52	19	1
7398	5936	5741	F	B	Control	46	191	289	441	52	18	1
6774	5936	5741	F	B	5Aza	44.7	178	248	442	53	17	1
1391	5919	5876	F	B	IC	41	167	268	443	59	16	2
7181	5864	5947	F	B	Genistein	47	178	273	444	64	8	1
2200	5885	5805	F	B	Control	36	159	263	444	53	23	2
6560	5771	5834	F	B	IC	39	161	274	445	58	14	1
1876	5864	5947	F	B	Genistein	45	189	280	445	55	21	2
1611	5856	5838	F	B	Bisphenol	43	177	275	445	55	22	2
6765	5934	5938	F	B	5Aza	49	192	267	446	56	15	1
1389	5885	5805	F	B	IC	35	153	256	446	54	22	2
1857	5933	5715	F	B	Genistein	45	163	263	449	55	21	2
1414	5858	5740	F	B	IC	43	170	255	450	54	12	2
1834	5943	5887	F	B	Genistein	41	171	283	453	53	25	2
6932	5919	5876	F	B	Bisphenol	39	157	274	454	56	15	1
2248	5897	5899	F	B	Control	42	175	271	455	56	22	2
2226	5917	5940	F	B	Control	41	168	258	456	56	21	2
1855	5772	5780	M	B	Genistein	51	186	279	456			2
7353	5827	5901	F	B	Control	44	177	267	457	55	15	1
6914	5771	5834	F	B	Bisphenol	33.2	147	261	458	54	19	1
1831	5774	5937	M	B	Genistein	42	159	296	458			2
7141	5808	5857	F	B	Genistein	49.6	180	327	459	53	18	1
7126	5890	5912	F	B	Genistein	44.5	180	276	462	54	13	1
6947	5772	5780	F	B	Bisphenol	49	192	294	462	53	18	1
1409	5933	5715	F	B	IC	46	184	287	462	50	27	2
2193	5856	5838	F	B	Control	38	182	285	465	55	18	2
2172	5771	5834	F	B	Control	44	182	280	467	53	24	2
1640	5936	5741	F	B	Bisphenol	43	176	285	468	55	20	2
1824	5771	5834	F	B	Genistein	37	167	275	470	54	22	2
7357	5774	5937	F	B	Control	44	173	287	471	54	16	1
7375	5878	5728	F	B	Control	47.2		287	472	59	10	1
6580	5808	5857	F	B	IC	40	181	271	472	52	19	1
1983	5771	5834	F	B	5Aza	40	175	313	486	54	22	2
1427	5897	5899	F	B	IC	40	172	286	487	60	17	2
6590	5878	5728	F	B	IC	48	196	274	498			1
7344	5771	5834	F	B	Control	45.5	187	307	511	54	17	1
7125	5771	5834	F	B	Genistein		143	243		58	1	1
2180	5709	5906	F	B	Control	26	179	212		54	20	2
1418	5761	5734	F	B	IC	34	164	265		53	23	2
2233	5761	5734	F	B	Control	37	172	278		51	25	2
1982	5771	5834	F	B	5Aza	17	120	255				2
1623	5873	5764	M	B	Bisphenol	26	149	228				2
1647	5784	5733	F	B	Bisphenol	26	120	214				2
1594	5839	5810	F	B	Bisphenol	27	130	218				2
1635	5826	5924	F	B	Bisphenol	29	148	269				2
6567	5839	5810	F	B	IC	29	142	239				1
7152	5829	5789	M	B	Genistein	29	140	214				1
6561	5771	5834		B	IC	29.6						1
7369	5919	5876		B	Control	30						1
7134	5709	5906	F	B	Genistein	30.4	144	229				1
1402	5851	5804	M	B	IC	32	147	252				2
7153	5851	5804	M	B	Genistein	32	143	226				1
1593	5839	5810	M	B	Bisphenol	32	136	221				2
6968	5941	5904	F	B	Bisphenol	32.9	139	228				1
7128	5795	5871	F	B	Genistein	33	155	283				1
1870	5761	5734	F	B	Genistein	33	142	247				2
1643	5835	5756	M	B	Bisphenol	33	141	234				2
1875	5944	5767	F	B	Genistein	33	141	230				2
1995	5794	5766	F	B	5Aza	33	144	226				2
2223	5826	5924	F	B	Control	33	151	139				2
2176	5839	5810	F	B	Control	33	150					2
6917	5839	5810	M	B	Bisphenol	33.1	172	255				1
6969	5941	5904	M	B	Bisphenol	33.3	132	201				1
6571	5794	5766	F	B	IC	33.4	146	218				1
7149	5873	5764	M	B	Genistein	33.7	149	230				1
2004	5808	5857	F	B	5Aza	34	143	242				2
2007	5747	5801	F	B	5Aza	34	147	241				2
1648	5784	5733	M	B	Bisphenol	34	143	237				2
1604	5794	5766	M	B	Bisphenol	34	131	227				2
1398	5873	5764	M	B	IC	34	139	227				2
6944	5851	5804	M	B	Bisphenol	34.1	157	231				1
7169	5784	5733	M	B	Genistein	34.4	143	223				1
6972	5926	5731	M	B	Bisphenol	34.5	151	247				1
2034	5848	5950	F	B	5Aza	35	159	280				2
1652	5941	5904	F	B	Bisphenol	35	160	262				2
6605	5732	5727	F	B	IC	35	154	259				1
1419	5784	5733	M	B	IC	35	150	256				2
1841	5808	5857	F	B	Genistein	35	156	254				2
2210	5873	5764	M	B	Control	35	150	247				2
2242	5944	5767	F	B	Control	35	155	238				2
6597	5829	5789	M	B	IC	35		227				1
1626	5851	5804	M	B	Bisphenol	35	149	225				2
1851	5793	5711	F	B	Genistein	35	140	221				2
7129	5894	5860	M	B	Genistein	35	133	221				1
6586	5807	5891		B	IC	35						1
6927	5856	5838	M	B	Bisphenol	35.6		233				1
1825	5890	5912	F	B	Genistein	36	164	292				2
1589	5771	5834	F	B	Bisphenol	36	152	284				2
1425	5848	5950	M	B	IC	36	164	267				2
1416	5835	5756	F	B	IC	36	165	260				2
6568	5827	5901	M	B	IC	36	162	246				1
2216	5939	5908	F	B	Control	36	149	244				2
1622	5873	5764	M	B	Bisphenol	36	126	242				2
2196	5846	5832	F	B	Control	36	155	238				2
7372	5747	5801	F	B	Control	36	154	233				1
1634	5826	5924	M	B	Bisphenol	36	154	229				2
6952	5933	5715	M	B	Bisphenol	36	141	229				1
6617	5941	5904		B	IC	36						1
6936	5807	5891	M	B	Bisphenol	36.7	154	243				1
7359	5781	5701	F	B	Control	37		292				1
6762	5873	5764	F	B	5Aza	37	149	269				1
1591	5890	5912	F	B	Bisphenol	37	151	265				2
1839	5738	5927	F	B	Genistein	37	158	264				2
1392	5919	5876	F	B	IC	37	151	251				2
1838	5856	5838	F	B	Genistein	37	158	250				2
1368	5890	5912	M	B	IC	37	165	250				2
1366	5771	5834	F	B	IC	37	154	250				2
1415	5835	5756	M	B	IC	37	158	244				2
1826	5839	5810	F	B	Genistein	37	158	239				2
1401	5793	5711	M	B	IC	37	143	239				2
7350	5795	5871	M	B	Control	37	147	238				1
1871	5784	5733	F	B	Genistein	37	152	238				2
7142	5808	5857	F	B	Genistein	37	161	237				1
1420	5784	5733	M	B	IC	37	145	228				2
2003	5808	5857	F	B	5Aza	37	127	213				2
6569	5709	5906	M	B	IC	37.6	161	249				1
6579	5808	5857	F	B	IC	37.6	159	244				1
7345	5771	5834	F	B	Control	38	175	292				1
1858	5797	5862	F	B	Genistein	38	159	279				2
1984	5771	5834	F	B	5Aza	38	170	274				2
2241	5944	5767	F	B	Control	38	164	264				2
7347	5890	5912	F	B	Control	38	163	255				1
1882	5888	5842	F	B	Genistein	38	159	251				2
1400	5793	5711	F	B	IC	38	153	251				2
6933	5747	5801	M	B	Bisphenol	38	150	235				1
2020	5751	5735	F	B	5Aza	38	156	229				2
1872	5784	5733	F	B	Genistein	38	149	227				2
2231	5835	5756	F	B	Control	38	175					2
2178	5827	5901		B	Control	38						2
7382	5851	5804	F	B	Control	38.1	160	254				1
7138	5856	5838	M	B	Genistein	38.4	153	228				1
6964	5784	5733	M	B	Bisphenol	38.5	164	253				1
7346	5890	5912	F	B	Control	38.8	169	279				1
7351	5827	5901	M	B	Control	38.9	163	261				1
6602	5729	5949	M	B	IC	38.9	149	233				1
1661	5884	5803	F	B	Bisphenol	39	165	277				2
6629	5821	5819	F	B	IC	39	171	270				1
1615	5807	5891	F	B	Bisphenol	39	166	263				2
2173	5890	5912	M	B	Control	39	165	262				2
6630	5884	5803	F	B	IC	39		258				1
1394	5788	5896	F	B	IC	39	147	256				2
1367	5890	5912	M	B	IC	39	174	253				2
6982	5888	5842	F	B	Bisphenol	39	161	248				1
7131	5839	5810	F	B	Genistein	39	164	241				1
6976	5817	5913	M	B	Bisphenol	39	149	238				1
7186	5821	5819	F	B	Genistein	39	160	235				1
2238	5941	5904	F	B	Control	39	154	234				2
2219	5729	5949	M	B	Control	39	143	226				2
6576	5846	5832	M	B	IC	39	153	221				1
6622	5944	5767		B	IC	39						1
7137	5856	5838	F	B	Genistein	39.1	162	237				1
6935	5807	5891	M	B	Bisphenol	39.5		260				1
6928	5856	5838	M	B	Bisphenol	39.7	158	246				1
1383	5943	5887	F	B	IC	40	171	288				2
1592	5890	5912	F	B	Bisphenol	40	159	277				2
1630	5729	5949	M	B	Bisphenol	40	158	273				2
7176	5773	5748	M	B	Genistein	40	167	266				1
2005	5808	5857	F	B	5Aza	40	172	265				2
6923	5774	5937	M	B	Bisphenol	40	164	264				1
1376	5877	5762	M	B	IC	40	164	253				2
1616	5788	5896	F	B	Bisphenol	40	157	250				2
1662	5884	5803	F	B	Bisphenol	40	161	249				2
2251	5884	5803	M	B	Control	40	166	249				2
7361	5846	5832	F	B	Control	40	159	249				1
7151	5829	5789	M	B	Genistein	40	168	249				1
6786	5884	5803	M	B	5Aza	40	156	246				1
2217	5939	5908	F	B	Control	40	153	245				2
2008	5747	5801	F	B	5Aza	40	164	244				2
2211	5793	5711	F	B	Control	40	147	242				2
7362	5846	5832	M	B	Control	40	160	240				1
6920	5709	5906	F	B	Bisphenol	40	160	238				1
6959	5826	5924	M	B	Bisphenol	40	162	236				1
1644	5835	5756	M	B	Bisphenol	40	154	226				2
2244	5864	5947	F	B	Control	40	146	224				2
7403	5848	5950	F	B	Control	40.1	168	275				1
6589	5788	5896	M	B	IC	40.4	150	245				1
1617	5788	5896	F	B	Bisphenol	41	170	286				2
1620	5799	5907	F	B	Bisphenol	41	163	266				2
1410	5751	5735	F	B	IC	41	154	265				2
1386	5856	5838	M	B	IC	41	170	256				2
2203	5807	5891	M	B	Control	41	159	254				2
1430	5884	5803	F	B	IC	41	167	253				2
7388	5729	5949	F	B	Control	41		249				1
1369	5890	5912	M	B	IC	41	170	247				2
1633	5751	5735	F	B	Bisphenol	41	165	242				2
7163	5917	5940	M	B	Genistein	41	157	236				1
7167	5719	5708	M	B	Genistein	41	158	229				1
7174	5941	5904	F	B	Genistein	41	155	222				1
1631	5729	5949	F	B	Bisphenol	41	156	138				2
2199	5808	5857		B	Control	41						2
2206	5788	5896		B	Control	41						2
6598	5851	5804	M	B	IC	41.5	166	256				1
6973	5926	5731	M	B	Bisphenol	41.5	179	253				1
7380	5793	5711	M	B	Control	41.5	158	230				1
6587	5807	5891	F	B	IC	41.7	167	248				1
6596	5829	5789	F	B	IC	42	169	264				1
2209	5873	5764	F	B	Control	42	171	263				2
2184	5877	5762	F	B	Control	42	162	262				2
7173	5783	5782	F	B	Genistein	42	178	261				1
7159	5797	5862	F	B	Genistein	42	168	242				1
6574	5738	5927	M	B	IC	42	166	239				1
1624	5793	5711	F	B	Bisphenol	42		235				2
7360	5781	5701	M	B	Control	42.1	146	250				1
7365	5808	5857	F	B	Control	42.9	160	245				1
6628	5888	5842	F	B	IC	43	189	296				1
6922	5774	5937	F	B	Bisphenol	43	175	294				1
1844	5788	5896	F	B	Genistein	43	170	277				2
1372	5827	5901	F	B	IC	43	169	274				2
2222	5751	5735	F	B	Control	43	154	252				2
2220	5729	5949	M	B	Control	43	157	243				2
7395	5917	5940	F	B	Control	43	165	241				1
7386	5933	5715	M	B	Control	43	154	238				1
6604	5751	5735		B	IC	43						1
6575	5738	5927	M	B	IC	43.1	182	266				1
6611	5917	5940	M	B	IC	43.1	160	222				1
7166	5719	5708	M	B	Genistein	43.2	179	261				1
7404	5848	5950	F	B	Control	43.4	176	307				1
6610	5917	5940	M	B	IC	43.7	170	246				1
1649	5783	5782	F	B	Bisphenol	44	181	299				2
2031	5783	5782	F	B	5Aza	44	177	294				2
6983	5888	5842	F	B	Bisphenol	44	186	292				1
1426	5864	5947	M	B	IC	44	169	267				2
6966	5783	5782	M	B	Bisphenol	44	163	265				1
7135	5867	5863	M	B	Genistein	44	171	262				1
2234	5784	5733	F	B	Control	44	176	261				2
2250	5884	5803	M	B	Control	44	158	253				2
7412	5821	5819	F	B	Control	44	167	249				1
1880	5822	5778	F	B	Genistein	44	168	242				2
7376	5799	5907	M	B	Control	44	171	236				1
7354	5867	5863	M	B	Control	44.2	168	269				1
6967	5783	5782	F	B	Bisphenol	44.9		307				1
7402	5783	5782	M	B	Control	44.9	178	262				1
7371	5747	5801	F	B	Control	45	182	280				1
2243	5864	5947	F	B	Control	45	188	275				2
6760	5799	5907	F	B	5Aza	45	180	274				1
1636	5744	5806	F	B	Bisphenol	45	173	272				2
6591	5878	5728	F	B	IC	45	182	263				1
6938	5799	5907	M	B	Bisphenol	45	184	262				1
7393	5744	5806	M	B	Control	45	168	260				1
2021	5751	5735	F	B	5Aza	45	167	248				2
7397	5936	5741	F	B	Control	45	170	245				1
7391	5751	5735	M	B	Control	45	171	242				1
7187	5821	5819	F	B	Genistein	45.2	182	264				1
6957	5751	5735	F	B	Bisphenol	45.7	162	246				1
6599	5934	5938	M	B	IC	46		267				1
1845	5788	5896	F	B	Genistein	46	168	257				2
2230	5858	5740	M	B	Control	46	172					2
7413	5821	5819	F	B	Control	46.1	178	257				1
6603	5797	5862	M	B	IC	46.5	178	249				1
1421	5783	5782	F	B	IC	47	178	289				2
1393	5788	5896	F	B	IC	47	187	281				2
1655	5864	5947	F	B	Bisphenol	47	177	275				2
1654	5864	5947	M	B	Bisphenol	47	181	262				2
7390	5751	5735	F	B	Control	47	181	252				1
7148	5799	5907	F	B	Genistein	47.1	185	269				1
6979	5864	5947	M	B	Bisphenol	47.4	185	264				1
1599	5867	5863	F	B	Bisphenol	48	188	303				2
1658	5897	5899	F	B	Bisphenol	48	186	284				2
6921	5867	5863	M	B	Bisphenol	49	102	280				1
6954	5797	5862	F	B	Bisphenol	49	196	267				1
6948	5772	5780	F	B	Bisphenol	52	197	267				1
6766	5772	5780	M	B	5Aza	52.2	185	245				1
7401	5783	5782	M	B	Control	53.1	210	315				1
7175	5773	5748	F	B	Genistein		172	243				1
1706	6240	6266	M	S+	Bisphenol	19	67	114	139			2
6701	6430	6209	M	S+	IC	18.6	64	111	145			1
6677	6408	6420	M	S+	IC	17	69	120	148			1
2079	6399	6304	M	S+	5Aza	17	69	115	150			2
2085	6307	6307	F	S+	5Aza	19	68	113	151			2
1506	6364	6261	M	S+	IC	21	78	123	154			2
6704	6399	6304	M	S+	IC	18.8	70	119	155			1
7030	6315	6376	M	S+	Bisphenol	23	84	125	156			1
1514	6393	6194	M	S+	IC	23	72	123	156			2
2360	6275	6401	M	S+	Control	23	65	112	156			2
6682	6305	6245	M	S+	IC	23.1	92	134	156			1
1737	6343	6311	M	S+	Bisphenol	18	68	117	157			2
7236	6408	6420	M	S+	Genistein	21	87	129	157			1
6812	6408	6420	M	S+	5Aza	20	77	125	159			1
1505	6343	6311	M	S+	IC	22	78	130	159			2
6709	6289	6256	M	S+	IC	20.5	83	120	160			1
7062	6280	6405	M	S+	Bisphenol	23	81	120	160			1
7040	6153	6279	M	S+	Bisphenol	20	79	122	161			1
2078	6275	6401	M	S+	5Aza	20	73	124	162			2
2084	6289	6256	F	S+	5Aza	20	76	123	162			2
7492	6305	6245	M	S+	Control	20		116	162			1
6681	6240	6266	M	S+	IC	23	72	118	162			1
2338	6205	6239	M	S+	Control	24	93	150	162			2
1934	6296	6197	M	S+	Genistein	20	72	125	163			2
2374	6289	6256	M	S+	Control	20	75	122	163			2
7034	6240	6266	M	S+	Bisphenol	21	86	134	164			1
2361	6249	6283	M	S+	Control	24	77	127	164			2
1702	6408	6420	M	S+	Bisphenol	18	65	115	165			2
2378	6189	6189	M	S+	Control	19	76	125	166			2
6841	6259	6259	M	S+	5Aza	21.3	86	134	166			1
6846	6338	6271	M	S+	5Aza	22	84	136	166			1
1500	6399	6304	M	S+	IC	22	82	132	166			2
7489	6284	6413	M	S+	Control	23	74	115	166			1
7543	6259	6259	M	S+	Control	24.8	85	129	166			1
2331	6240	6266	M	S+	Control	22	75	132	167			2
1480	6408	6420	F	S+	IC	22	77	129	167			2
6712	6330	6330	M	S+	IC	22	80	122	167			1
2062	6240	6266	M	S+	5Aza	24	81	110	167			2
6825	6325	6400	M	S+	5Aza	19	77	128	168			1
2328	6408	6420	M	S+	Control	20		129	168			2
6676	6408	6420	M	S+	IC	21	78	126	168			1
2346	6153	6279	M	S+	Control	22	88	137	168			2
1705	6240	6266	M	S+	Bisphenol	23	77	126	168			2
7037	6195	6320	M	S+	Bisphenol	19.8	84	128	169			1
6674	6315	6376	M	S+	IC	22	75	134	169			1
1498	6430	6209	M	S+	IC	22	78	125	169			2
7547	6338	6271	M	S+	Control	22.5	87	135	169			1
1946	6347	6223	M	S+	Genistein	23	82	139	169			2
7036	6205	6239	M	S+	Bisphenol	23.3	75	129	169			1
1927	6195	6320	F	S+	Genistein	13	43	103	170			2
7271	6396	6342	M	S+	Genistein	18	59	97	170			1
6717	6393	6194	M	S+	IC	18.5	63	119	170			1
1753	6409	6276	M	S+	Bisphenol	21	75	117	170			2
1723	6294	6248	M	S+	Bisphenol	21	69	116	170			2
7484	6352	6288	M	S+	Control	22	90	130	170			1
1707	6240	6266	M	S+	Bisphenol	23	86	141	170			2
1933	6288	6246	M	S+	Genistein	19	76	119	171			2
6833	6330	6330	M	S+	5Aza	19	72	117	171			1
2077	6426	6263	M	S+	5Aza	25	90	134	171			2
1733	6212	6397	M	S+	Bisphenol	16	58	117	172			2
7063	6396	6342	M	S+	Bisphenol	21	77	128	172			1
7267	6393	6194	M	S+	Genistein	21.7	82	129	173			1
7542	6259	6259	M	S+	Control	22	81	132	173			1
1483	6284	6413	F	S+	IC	22	74	125	173			2
7054	6307	6307	M	S+	Bisphenol	25	93	134	173			1
7060	6338	6271	M	S+	Bisphenol	26	89	142	173			1
1511	6189	6189	F	S+	IC	18	69	124	174			2
1497	6249	6283	M	S+	IC	20	71	129	174			2
1717	6153	6279	M	S+	Bisphenol	23	87	135	174			2
6849	6396	6342	M	S+	5Aza	20	75	130	175			1
1921	6352	6288	F	S+	Genistein	21	80	130	175			2
6722	6396	6342	M	S+	IC	22	85	128	175			1
7029	6352	6288	M	S+	Bisphenol	22.7	85	127	175			1
6821	6153	6279	M	S+	5Aza	24	98	143	175			1
7537	6341	6341	M	S+	Control	23	80	135	176			1
1924	6293	6254	M	S+	Genistein	23	81	135	176			2
2070	6288	6246	M	S+	5Aza	16	72	120	177			2
6815	6305	6245	M	S+	5Aza	19.8	77	131	177			1
2349	6389	6358	M	S+	Control	23	77	133	177			2
6842	6259	6259	M	S+	5Aza	24	90	142	177			1
1485	6305	6245	F	S+	IC	20	79	132	178			2
7258	6399	6304	M	S+	Genistein	22	81	137	178			1
7261	6383	6383	M	S+	Genistein	24	84	131	178			1
7531	6289	6256	M	S+	Control	24	78	127	178			1
1507	6289	6256	F	S+	IC	19	73	124	179	64	12	2
6694	6190	6380	M	S+	IC	21	80	135	179			1
6816	6359	6313	M	S+	5Aza	22	90	137	179			1
1730	6275	6401	F	S+	Bisphenol	29	58	110	180	68	6	2
1504	6295	6349	F	S+	IC	22	80	138	180			2
2351	6288	6246	M	S+	Control	25	84	132	180			2
2380	6189	6189	M	S+	Control	18	69	124	181			2
2086	6231	6231	M	S+	5Aza	20	70	128	181			2
1508	6289	6256	F	S+	IC	21	80	130	181			2
7240	6293	6254	M	S+	Genistein	22	86	130	181			1
1944	6399	6304	F	S+	Genistein	23	83	141	181			2
7523	6412	6262	M	S+	Control	25.7	100	139	181			1
1925	6240	6266	F	S+	Genistein	16	64	120	183			2
2377	6332	6332	M	S+	Control	20	74	131	183			2
7064	6310	6377	M	S+	Bisphenol	21.1	82	132	183			1
7269	6338	6271	M	S+	Genistein	23	82	136	183			1
6685	6205	6239	M	S+	IC	24	82	136	183			1
6826	6297	6327	M	S+	5Aza	25	93	143	183			1
2326	6408	6420	F	S+	Control	19	75	133	184	57	14	2
6725	6427	6188	M	S+	IC	18.1	76	135	184			1
6713	6341	6341	M	S+	IC	20	74	132	184			1
6692	6325	6400	M	S+	IC	21	78	133	184			1
1749	6429	6429	M	S+	Bisphenol	22	80	134	184			2
1751	6280	6405	M	S+	Bisphenol	23	85	142	184			2
7507	6297	6327	M	S+	Control	23	83	127	184			1
6834	6330	6330	M	S+	5Aza	23.5	77	126	184			1
6836	6341	6341	M	S+	5Aza	22.4	84	125	185			1
1503	6347	6223	M	S+	IC	23	87	135	185			2
7239	6293	6254	M	S+	Genistein	23.8	89	133	185			1
6819	6398	6210	M	S+	5Aza	24.5	93	148	185			1
1937	6282	6424	F	S+	Genistein	27	86	138	185			2
7248	6153	6279	F	S+	Genistein	24	83	134	186	62	1	1
1752	6409	6276	F	S+	Bisphenol	15	65	125	186	69	6	2
6689	6153	6279	F	S+	IC	21	85	130	186	61	10	1
1491	6190	6380	M	S+	IC	20	82	144	186			2
7516	6190	6380	M	S+	Control	20.8	95	148	186			1
7518	6282	6424	M	S+	Control	22.4	78	128	186			1
7514	6288	6246	M	S+	Control	22.6	91	131	186			1
2385	6393	6194	M	S+	Control	19	82	131	187			2
1495	6282	6424	M	S+	IC	22	89		187			2
1939	6426	6263	F	S+	Genistein	25	91	150	187			2
6813	6284	6413	M	S+	5Aza	28.7	98	146	187			1
1732	6399	6304	M	S+	Bisphenol		81	135	187			2
2075	6215	6410	F	S+	5Aza	23	88	138	188			2
6810	6352	6288	M	S+	5Aza	23	88	130	188			1
2067	6153	6279	M	S+	5Aza	25	88	146	188			2
7502	6153	6279	M	S+	Control	25.2	96	153	188			1
6710	6307	6307	M	S+	IC	26	96	141	188			1
2088	6310	6377	F	S+	5Aza	22	75	128	189	67	9	2
7042	6325	6400	M	S+	Bisphenol	18	78	127	189			1
1923	6408	6420	F	S+	Genistein	21	80	132	189			2
6837	6341	6341	M	S+	5Aza	21	74	126	189			1
7498	6205	6239	M	S+	Control	24	84	144	189			1
7049	6213	6411	M	S+	Bisphenol	24.5	85	137	189			1
1714	6398	6210	M	S+	Bisphenol	26	100	153	189			2
2347	6297	6327	M	S+	Control	22	83	130	190			2
6828	6288	6246	M	S+	5Aza	24.8	94	139	190			1
7263	6330	6330	M	S+	Genistein	27.4	88	122	190			1
7055	6332	6332	M	S+	Bisphenol	25	87	138	191			1
7238	6284	6413	M	S+	Genistein	22	80	129	192			1
6817	6359	6313	F	S+	5Aza	22.7	85	139	192			1
1932	6389	6358	M	S+	Genistein	25	87	140	192			2
1920	6312	6386	F	S+	Genistein	24	86	133	193	59	17	2
2392	6310	6377	F	S+	Control	21	76	129	193	57	20	2
1501	6399	6304	M	S+	IC	18	70	127	193			2
1930	6398	6210	M	S+	Genistein	25	95	153	193			2
7242	6240	6266	F	S+	Genistein	23	80	123	194	53	15	1
1739	6364	6261	M	S+	Bisphenol	22	79	137	194			2
1486	6205	6239	M	S+	IC	22	80	135	194			2
7253	6282	6424	M	S+	Genistein	23	87	145	194			1
6851	6396	6342	M	S+	5Aza	24.3	92	138	194			1
1931	6389	6358	F	S+	Genistein	24	86	137	195	60	13	2
1727	6215	6410	F	S+	Bisphenol	16	72	125	195	60	14	2
7043	6389	6358	M	S+	Bisphenol	25.7	89	143	195			1
1481	6408	6420	F	S+	IC	23	87	138	196	57	15	2
2091	6361	6199	M	S+	5Aza	22	83	149	196			2
7056	6332	6332	F	S+	Bisphenol	24	94	146	196			1
7268	6338	6271	M	S+	Genistein	26.9	98	151	196			1
6683	6359	6313	F	S+	IC	22	90	138	197	61	2	1
6718	6393	6194	F	S+	IC	20		132	197	57	5	1
6680	6240	6266	F	S+	IC	22	81	128	197	63	7	1
6706	6347	6223	M	S+	IC	19.8	72	124	197			1
7529	6347	6223	M	S+	Control	22.2	87	142	197			1
1746	6332	6332	M	S+	Bisphenol	24	91	149	197			2
1740	6364	6261	F	S+	Bisphenol	19	74	132	198	68	5	2
1754	6310	6377	F	S+	Bisphenol	20	72	119	198	61	15	2
1492	6296	6197	F	S+	IC	22	81	130	198	58	17	2
1487	6398	6210	M	S+	IC	22	88	145	198			2
7041	6325	6400	F	S+	Bisphenol	20.8	75	133	199	59	9	1
7249	6297	6327	F	S+	Genistein	19	75	129	199	58	13	1
2066	6153	6279	M	S+	5Aza	17	73	125	199			2
1731	6399	6304	F	S+	Bisphenol	20	69	131	199			2
6831	6289	6256	M	S+	5Aza	23.6	87	128	199			1
6687	6195	6320	M	S+	IC	24.3	90	140	199			1
2353	6190	6380	M	S+	Control	26	97	150	199			2
1940	6275	6401	F	S+	Genistein	24	81	136	200	66	10	2
1720	6297	6327	F	S+	Bisphenol	20	81	132	200	58	18	2
1756	6427	6188	M	S+	Bisphenol	24	83	146	200			2
1922	6315	6376	M	S+	Genistein	25	92	151	200			2
7535	6330	6330	F	S+	Control	21	87	132	201	61	5	1
7065	6361	6199	F	S+	Bisphenol	20	70	124	201	52	12	1
1744	6341	6341	F	S+	Bisphenol	21	80	127	201	62	12	2
1745	6332	6332	M	S+	Bisphenol	23	87	153	201			2
2074	6282	6424	M	S+	5Aza	23	86	149	201			2
7243	6372	6431	M	S+	Genistein	25.4	97	143	201			1
1743	6383	6383	F	S+	Bisphenol	22	82	137	202	58	2	2
7488	6408	6420	F	S+	Control	24.4	90	137	202	60	9	1
7539	6332	6332	M	S+	Control	25	96	156	202			1
2089	6361	6199	M	S+	5Aza	25	89	149	202			2
6829	6282	6424	M	S+	5Aza	25	86	136	202			1
2324	6352	6288	F	S+	Control	24	88	140	203	57	11	2
7032	6293	6254	F	S+	Bisphenol	26	90	140	203	57	15	1
7549	6396	6342	M	S+	Control	24	92	142	203			1
7487	6315	6376	F	S+	Control	23	80	131	204	63	2	1
7234	6352	6288	F	S+	Genistein	20.6	77	130	204	65	4	1
6824	6415	6318	F	S+	5Aza	20.8	81	124	204	61	9	1
6845	6393	6194	F	S+	5Aza	21	85	134	204	58	13	1
2343	6398	6210	M	S+	Control	23	95	157	204			2
1490	6389	6358	M	S+	IC	23	80	143	204			2
1703	6408	6420	F	S+	Bisphenol	22	86	140	205	60	10	2
2366	6212	6397	F	S+	Control	13	49	103	205	64	12	2
7501	6398	6210	M	S+	Control	18.4	92	148	205			1
6698	6412	6262	M	S+	IC	20.7	90	138	205			1
1757	6427	6188	M	S+	Bisphenol	22	85	144	205			2
1935	6296	6197	M	S+	Genistein	23	89	149	205			2
1955	6427	6188	M	S+	Genistein	28	100	153	205			2
6703	6399	6304	F	S+	IC	19	81	130	206	60	10	1
1954	6310	6377	F	S+	Genistein	24	86	140	206	58	11	2
7245	6205	6239	M	S+	Genistein	24	90	143	206			1
1712	6207	6224	M	S+	Bisphenol	23	82	146	207			2
7256	6412	6262	M	S+	Genistein	25	99	143	207			1
7503	6153	6279	F	S+	Control	23	91	139	208	70	2	1
7244	6205	6239	F	S+	Genistein	22.2	81	133	208	57	9	1
2350	6288	6246	F	S+	Control	24	92	143	208	59	17	2
6850	6396	6342	F	S+	5Aza	21.8	87	140	209	61	3	1
1509	6383	6383	F	S+	IC	23	88	140	209	69	4	2
7053	6289	6256	F	S+	Bisphenol	24	96	140	209	59	11	1
7039	6278	6235	M	S+	Bisphenol	29	103	163	209			1
7045	6288	6246	F	S+	Bisphenol	23	91	136	210	61	7	1
6711	6307	6307	F	S+	IC	25.7	88	139	210	59	10	1
6715	6429	6429	F	S+	IC	24.1	87	131	210	59	11	1
6679	6240	6266	F	S+	IC	23.8	92	135	211	63	8	1
1710	6205	6239	F	S+	Bisphenol	19	78	137	211	64	12	2
1952	6280	6405	F	S+	Genistein		84	147	211	62	14	2
6839	6189	6189	F	S+	5Aza	19.5	74	116	211			1
7486	6315	6376	F	S+	Control	24	85	136	212	58	4	1
6820	6278	6235	F	S+	5Aza	23	84	138	212	63	8	1
6705	6212	6397	F	S+	IC	14	61	113	212	59	13	1
2082	6343	6311	F	S+	5Aza	18	60	116	212			2
7538	6341	6341	F	S+	Control	25.7	90	138	213	63	8	1
7490	6240	6266	F	S+	Control	26	90	144	213	54	14	1
1729	6275	6401	F	S+	Bisphenol	23	84	136	213	59	17	2
1713	6398	6210	F	S+	Bisphenol	21	83	143	214	59	18	2
6723	6361	6199	F	S+	IC	24.6	88	142	214			1
7254	6215	6410	F	S+	Genistein	23	84	133	215	61	6	1
1479	6312	6386	F	S+	IC	28	100	152	215	63	12	2
1747	6189	6189	F	S+	Bisphenol	20	76	130	215	62	13	2
1938	6426	6263	F	S+	Genistein	21	82	132	215	61	15	2
2329	6293	6254	F	S+	Control	21	82	135	215	61	16	2
7527	6212	6397	F	S+	Control	13.4	67	125	215			1
7552	6427	6188	M	S+	Control	21.6	87	146	215			1
6822	6153	6279	F	S+	5Aza	22.3	93	138	215			1
6823	6415	6318	F	S+	5Aza	22	87	131	216	60	12	1
2341	6398	6210	F	S+	Control	24	94	159	216	62	14	2
2339	6195	6320	F	S+	Control	18	71	130	217	64	1	2
6853	6361	6199	F	S+	5Aza	25	97	149	217	58	2	1
2365	6399	6304	F	S+	Control	24	86	146	217	64	10	2
1515	6280	6405	F	S+	IC	21	82	142	218	71	3	2
1750	6338	6271	F	S+	Bisphenol	27	92	150	218	59	16	2
7048	6215	6410	F	S+	Bisphenol	26.5	90	141	219	60	6	1
6699	6412	6262	F	S+	IC	22	92	143	219	58	13	1
2064	6221	6392	F	S+	5Aza	19	81	140	219	56	19	2
7540	6332	6332	F	S+	Control	25	95	148	219			1
2072	6296	6197	M	S+	5Aza	25	88	147	219			2
7235	6352	6288	F	S+	Genistein	25	89	135	219			1
7536	6330	6330	M	S+	Control	26	90	132	219			1
1936	6282	6424	F	S+	Genistein	23	91	145	220	70	5	2
7521	6213	6411	F	S+	Control	26	89	134	220	60	7	1
1722	6389	6358	F	S+	Bisphenol	23	77	135	220	58	9	2
6678	6284	6413	F	S+	IC	30.6	99	152	220	57	11	1
2352	6190	6380	F	S+	Control	21	78	138	220			2
7252	6190	6380	F	S+	Genistein	25	97	140	221	67	2	1
7522	6412	6262	F	S+	Control	27.2	96	149	221	57	14	1
6696	6190	6380	F	S+	IC	21	78	129	221			1
6686	6195	6320	M	S+	IC	22	91	134	221			1
7495	6372	6431	F	S+	Control	24	85	138	221			1
2069	6294	6248	F	S+	5Aza	26	90	137	222	63	2	2
7035	6240	6266	F	S+	Bisphenol	25.5	82	136	222	61	7	1
7255	6213	6411	F	S+	Genistein	28.1	101	153	222	61	9	1
2379	6189	6189	F	S+	Control	18	70	132	222	62	14	2
1726	6296	6197	F	S+	Bisphenol	21	83	139	222	57	18	2
7068	6427	6188	F	S+	Bisphenol	23	85	139	222			1
7050	6249	6283	F	S+	Bisphenol	20	69	132	223	57	10	1
1736	6347	6223	F	S+	Bisphenol	21	80	143	223	59	10	2
7517	6282	6424	F	S+	Control	26	90	142	223	59	12	1
7058	6259	6259	F	S+	Bisphenol	24.7	92	125	223	56	15	1
1496	6282	6424	F	S+	IC	21		144	223	62	15	2
2354	6296	6197	F	S+	Control	24	88	144	223	59	16	2
2389	6280	6405	F	S+	Control	21	78	142	223	59	17	2
1499	6430	6209	F	S+	IC	24	86	132	223	59	17	2
1721	6389	6358	F	S+	Bisphenol	23	83	141	224	61	6	2
2384	6429	6429	F	S+	Control	24	86	136	224	59	17	2
2383	6259	6259	F	S+	Control	29	90	148	224			2
1738	6343	6311	F	S+	Bisphenol	25	92	153	225	62	6	2
6835	6341	6341	F	S+	5Aza	20		138	225	60	11	1
7250	6389	6358	F	S+	Genistein	20.3	75	133	226	58	2	1
1478	6312	6386	F	S+	IC	27	100	152	226	69	5	2
7513	6288	6246	F	S+	Control	28.5	104	151	226	58	13	1
2323	6352	6288	F	S+	Control	28	92	147	226	57	17	2
6721	6396	6342	F	S+	IC	23	89	154	227	64	4	1
7067	6427	6188	F	S+	Bisphenol	23	86	142	227	61	9	1
2345	6153	6279	F	S+	Control	23	90	138	228			2
7044	6389	6358	F	S+	Bisphenol	26.2	98	153	229	70	2	1
6830	6213	6411	F	S+	5Aza	25	92	150	229	62	7	1
2369	6347	6223	F	S+	Control	21	100	153	229	59	18	2
7262	6307	6307	F	S+	Genistein	23	85	138	230	58	12	1
6847	6280	6405	F	S+	5Aza	21	65	122	230			1
1928	6191	6388	F	S+	Genistein	23	95	159	231	72	5	2
6690	6153	6279	F	S+	IC	28	102	149	231	64	6	1
7033	6293	6254	F	S+	Bisphenol	23	92	143	231	60	8	1
7059	6231	6231	F	S+	Bisphenol	22.7	90	141	231	61	10	1
2396	6427	6188	F	S+	Control	21	86	151	231	61	15	2
2395	6361	6199	F	S+	Control	28	95	149	231	61	15	2
1728	6426	6263	F	S+	Bisphenol	25	89	148	232	64	11	2
7509	6389	6358	F	S+	Control	26	94	150	232	59	12	1
2092	6427	6188	F	S+	5Aza	24	91	149	232	60	14	2
2387	6338	6271	F	S+	Control	26	92	136	233	62	13	2
1502	6212	6397	F	S+	IC	14	57	112	233	58	16	2
7061	6338	6271	F	S+	Bisphenol	29.1	108	160	234	54	10	1
2370	6295	6349	F	S+	Control	27	111	154	234	59	17	2
1493	6296	6197	F	S+	IC	22	89	152	235	68	5	2
7493	6305	6245	F	S+	Control	23	94	137	235	66	6	1
1484	6284	6413	F	S+	IC	22	78	137	235	60	10	2
6688	6278	6235	F	S+	IC	21	90	145	236	61	11	1
7260	6289	6256	F	S+	Genistein	25	94	140	236			1
2359	6426	6263	F	S+	Control	27	94	149	236			2
2337	6205	6239	F	S+	Control	20	82	155	239	72	4	2
2368	6347	6223	F	S+	Control	25	87	147	240	57	7	2
7519	6282	6424	F	S+	Control	21	88	144	241	59	11	1
1942	6249	6283	F	S+	Genistein	21	83	147	242	60	10	2
2386	6338	6271	F	S+	Control	24	91	147	243	56	3	2
2333	6305	6245	F	S+	Control	20	74	137	243	61	14	2
7051	6249	6283	F	S+	Bisphenol	26	97	149	244	52	13	1
7500	6398	6210	F	S+	Control	24	83	151	245	58	13	1
2335	6372	6431	F	S+	Control	26	102	146	246	65	3	2
7038	6207	6224	F	S+	Bisphenol	26	105	166	246	57	6	1
6714	6332	6332	F	S+	IC	25.7	102	159	246	59	12	1
1929	6398	6210	F	S+	Genistein	25	99	157	246	58	15	2
2367	6347	6223	F	S+	Control	21	94	153	246			2
7246	6195	6320	F	S+	Genistein	23.2	90	140	246			1
6695	6190	6380	F	S+	IC	19.1	86	150	247			1
7257	6412	6262	F	S+	Genistein	24.8	89	140	248			1
1755	6361	6199	F	S+	Bisphenol	27	95	160	249	58	18	2
6843	6429	6429	F	S+	5Aza	26.8	107	154	251	65	7	1
2073	6282	6424	F	S+	5Aza	23	89	141	251			2
1516	6280	6405	F	S+	IC	16	72	145	253	63	13	2
1951	6338	6271	F	S+	Genistein	25	91	163	254	55	19	2
2355	6213	6411	F	S+	Control	28	102	158	255			2
2357	6213	6411	F	S+	Control	28	99	171	260	60	12	2
7528	6347	6223	F	S+	Control	21	85	145	261	58	1	1
7241	6293	6254	F	S+	Genistein	26.2	96	152	261	62	9	1
6697	6213	6411	F	S+	IC	29	111	166	263	62	9	1
2348	6389	6358	F	S+	Control	25	80	145	268			2
2071	6190	6380	F	S+	5Aza	22	99	159	271	60	16	2
2330	6240	6266	F	S+	Control	19	70	122		59	2	2
1950	6393	6194		S+	Genistein	12						2
2081	6212	6397	F	S+	5Aza	13	34	64				2
1510	6189	6189		S+	IC	13						2
1711	6195	6320	M	S+	Bisphenol	14	53	110				2
2090	6361	6199	F	S+	5Aza	15	48	104				2
1945	6212	6397	F	S+	Genistein	16	67	124				2
1719	6297	6327	F	S+	Bisphenol	16	57	113				2
2364	6399	6304	F	S+	Control	16	51	107				2
2391	6409	6276	F	S+	Control	17	75	124				2
2063	6195	6320		S+	5Aza	17						2
7494	6285	6419	M	S+	Control	17.8	76	123				1
1715	6278	6235	F	S+	Bisphenol	18	73	131				2
2087	6280	6405	F	S+	5Aza	18	67					2
1941	6275	6401	F	S+	Genistein	18	71					2
7272	6361	6199		S+	Genistein	18.3						1
7270	6280	6405	F	S+	Genistein	18.6	68	131				1
1512	6393	6194	F	S+	IC	19	82	134				2
1513	6393	6194	F	S+	IC	19	71	131				2
1947	6347	6223	M	S+	Genistein	19	79	127				2
1742	6383	6383	F	S+	Bisphenol	19	74	120				2
1943	6249	6283	F	S+	Genistein	19	62	118				2
1741	6364	6261	F	S+	Bisphenol	19	70	117				2
7047	6215	6410	F	S+	Bisphenol	19	69	107				1
7052	6364	6261		S+	Bisphenol	19.1						1
6724	6361	6199	F	S+	IC	19.5	58	121				1
1724	6190	6380	F	S+	Bisphenol	20	80	140				2
2334	6372	6431	F	S+	Control	20	81	140				2
7550	6310	6377	F	S+	Control	20	76	134				1
2340	6195	6320	F	S+	Control	20	75	134				2
2372	6289	6256	F	S+	Control	20	76	131				2
7491	6240	6266	F	S+	Control	20		128				1
2327	6408	6420	F	S+	Control	20	78	122				2
1482	6408	6420	F	S+	IC	20	75	121				2
1716	6375	6268	F	S+	Bisphenol	20	72	120				2
7057	6189	6189		S+	Bisphenol	20						1
7541	6189	6189		S+	Control	20						1
7259	6295	6349		S+	Genistein	20						1
6814	6305	6245		S+	5Aza	20.2						1
6719	6393	6194		S+	IC	20.2						1
7525	6371	6230	M	S+	Control	20.7	77	114				1
7534	6307	6307	F	S+	Control	20.8	80	130				1
6827	6297	6327	M	S+	5Aza	21	77	132				1
1708	6305	6245	F	S+	Bisphenol	21	80	132				2
1735	6347	6223	F	S+	Bisphenol	21	78	132				2
2325	6315	6376	F	S+	Control	21	76	132				2
1953	6310	6377	F	S+	Genistein	21	77	132				2
1489	6153	6279	F	S+	IC	21	83	129				2
7508	6297	6327	M	S+	Control	21	81	126				1
1709	6305	6245	F	S+	Bisphenol	21	80	124				2
1517	6310	6377	F	S+	IC	21	75					2
7511	6294	6248	M	S+	Control	21.3	83	137				1
6691	6415	6318	M	S+	IC	21.4		126				1
7524	6371	6230	F	S+	Control	21.6	88	141				1
7546	6393	6194		S+	Control	21.8						1
2344	6153	6279	M	S+	Control	22	87	135				2
6818	6285	6419	M	S+	5Aza	22	85	132				1
2373	6289	6256	F	S+	Control	22	80	129				2
7485	6352	6288	M	S+	Control	22	81	125				1
1948	6330	6330	F	S+	Genistein	22	79	125				2
6832	6383	6383	M	S+	5Aza	22	85	124				1
7247	6207	6224	F	S+	Genistein	22						1
7265	6393	6194		S+	Genistein	22						1
7251	6389	6358	F	S+	Genistein	22.1	83	137				1
7533	6289	6256	M	S+	Control	22.2	73	125				1
7532	6289	6256	M	S+	Control	22.3	85	125				1
7530	6347	6223	M	S+	Control	22.9	87	138				1
1949	6259	6259	F	S+	Genistein	23	90	149				2
6854	6427	6188	F	S+	5Aza	23	74	147				1
6720	6338	6271	F	S+	IC	23	86	145				1
2381	6259	6259	F	S+	Control	23	90	143				2
2394	6310	6377	F	S+	Control	23	77	142				2
6840	6189	6189	M	S+	5Aza	23	91	139				1
1704	6284	6413	F	S+	Bisphenol	23	82	138				2
7544	6429	6429	F	S+	Control	23	85	128				1
6707	6364	6261	F	S+	IC	23	78	125				1
7505	6415	6318	M	S+	Control	23	80	124				1
7031	6315	6376		S+	Bisphenol	23						1
7066	6361	6199		S+	Bisphenol	23						1
7504	6415	6318	F	S+	Control	23.1	83	134				1
7497	6205	6239	M	S+	Control	23.2	84	146				1
6684	6372	6431	M	S+	IC	23.7						1
2363	6249	6283	F	S+	Control	24	89	155				2
6700	6371	6230	M	S+	IC	24	83	145				1
2376	6341	6341	F	S+	Control	24	80	143				2
2336	6372	6431	F	S+	Control	24	90	142				2
7515	6190	6380	F	S+	Control	24	94	141				1
7526	6430	6209	F	S+	Control	24	90	141				1
2362	6249	6283	F	S+	Control	24	80	140				2
2388	6280	6405	F	S+	Control	24	77	140				2
2322	6352	6288	F	S+	Control	24	84	135				2
7512	6288	6246	M	S+	Control	24	88	134				1
1748	6259	6259	F	S+	Bisphenol	24	79	132				2
7545	6429	6429	F	S+	Control	24	81	132				1
2371	6343	6311	F	S+	Control	24	71	131				2
2332	6305	6245	F	S+	Control	24		126				2
7046	6282	6424	F	S+	Bisphenol	24	89					1
7520	6215	6410	M	S+	Control	24.4	90	145				1
7551	6361	6199	F	S+	Control	24.8	101	159				1
7548	6396	6342	M	S+	Control	24.9	93	137				1
2393	6310	6377	F	S+	Control	25	90	144				2
6852	6310	6377	M	S+	5Aza	25	74	121				1
6673	6352	6288		S+	IC	25						1
6811	6315	6376	F	S+	5Aza	25.7	87					1
7237	6284	6413	F	S+	Genistein	25.8	91	147				1
6702	6430	6209	F	S+	IC	25.9	89	141				1
7499	6195	6320	F	S+	Control	26	103	156				1
1700	6312	6386	F	S+	Bisphenol	26	92	147				2
2382	6259	6259	F	S+	Control	26	85	143				2
7264	6429	6429		S+	Genistein	26.4						1
2342	6398	6210	F	S+	Control	27	101	169				2
1701	6312	6386	F	S+	Bisphenol	27	93	148				2
7506	6336	6232	F	S+	Control	27	97	145				1
2390	6396	6342	F	S+	Control	27	89	143				2
2358	6412	6262	F	S+	Control	28	98	150				2
